1.2562E+00  5.7860E-02  7.2684E-02
3.0418E-01  1.4789E-01  4.4985E-02
0.0000E+00  0.0000E+00  0.0000E+00
0.0000E+00  0.0000E+00  0.0000E+00
0.0000E+00  0.0000E+00  0.0000E+00
0.0000E+00  0.0000E+00  0.0000E+00
0.0000E+00  0.0000E+00  0.0000E+00
0.0000E+00  0.0000E+00  0.0000E+00
0.0000E+00  0.0000E+00  0.0000E+00
0.0000E+00  0.0000E+00  0.0000E+00
0.0000E+00  0.0000E+00  0.0000E+00
0.0000E+00  0.0000E+00  0.0000E+00
0.0000E+00  0.0000E+00  0.0000E+00
0.0000E+00  0.0000E+00  0.0000E+00
0.0000E+00  0.0000E+00  0.0000E+00
0.0000E+00  0.0000E+00  0.0000E+00
0.0000E+00  0.0000E+00  0.0000E+00
0.0000E+00  0.0000E+00  0.0000E+00
0.0000E+00  0.0000E+00  0.0000E+00
0.0000E+00  0.0000E+00  0.0000E+00
0.0000E+00  0.0000E+00  0.0000E+00
0.0000E+00  0.0000E+00  0.0000E+00
0.0000E+00  0.0000E+00  0.0000E+00
0.0000E+00  0.0000E+00  0.0000E+00
0.0000E+00  0.0000E+00  0.0000E+00
0.0000E+00  0.0000E+00  0.0000E+00
0.0000E+00  0.0000E+00  0.0000E+00
0.0000E+00  0.0000E+00  0.0000E+00
0.0000E+00  0.0000E+00  0.0000E+00
0.0000E+00  0.0000E+00  0.0000E+00
0.0000E+00  0.0000E+00  0.0000E+00
0.0000E+00  0.0000E+00  0.0000E+00
0.0000E+00  0.0000E+00  0.0000E+00
