9.0678E-04  7.3295E-01  6.6462E-04
1.6102E-03  4.7881E-01  7.7098E-04
8.7483E-03  2.8683E-01  2.5093E-03
3.9463E-02  1.7712E-01  6.9897E-03
1.1424E-01  1.0491E-01  1.1985E-02
1.9387E-01  7.1732E-02  1.3907E-02
1.6008E-01  6.1437E-02  9.8348E-03
1.5774E-01  5.8553E-02  9.2362E-03
1.8341E-01  4.9379E-02  9.0566E-03
2.5081E-01  3.9620E-02  9.9371E-03
3.3092E-01  3.4102E-02  1.1285E-02
4.3883E-01  3.4276E-02  1.5041E-02
5.8594E-01  4.1520E-02  2.4328E-02
7.7292E-01  4.7733E-02  3.6894E-02
1.0101E+00  5.2292E-02  5.2820E-02
1.3296E+00  6.0896E-02  8.0967E-02
1.8025E+00  7.3729E-02  1.3290E-01
2.2173E+00  6.8491E-02  1.5187E-01
3.7311E+00  1.5000E-01  5.5966E-01
5.7754E+00  1.5000E-01  8.6631E-01
6.4003E+00  1.5000E-01  9.6004E-01
1.2652E+01  1.5000E-01  1.8978E+00
2.1186E+01  1.5000E-01  3.1779E+00
8.2035E-01  1.5000E-01  1.2305E-01
8.7749E+01  1.5000E-01  1.3162E+01
2.7501E-01  1.5000E-01  4.1251E-02
8.1772E+01  1.5000E-01  1.2266E+01
2.1107E-01  1.5000E-01  3.1661E-02
1.4760E-01  1.5000E-01  2.2140E-02
1.5305E-01  1.5000E-01  2.2957E-02
2.5993E-01  1.5000E-01  3.8989E-02
6.1474E-01  3.4572E-01  2.1253E-01
1.9391E+01  3.8000E-01  7.3686E+00
