5.8440E-01  7.3776E-01  4.3115E-01
2.4575E+00  3.1978E-01  7.8586E-01
3.1102E+00  2.5188E-01  7.8340E-01
3.2065E+00  2.6032E-01  8.3472E-01
3.1340E+00  1.8914E-01  5.9276E-01
2.2276E+00  1.3331E-01  2.9696E-01
1.5504E+00  3.4233E-01  5.3075E-01
1.0656E+00  6.4455E-01  6.8683E-01
6.8338E-01  8.6063E-01  5.8814E-01
3.7635E-01  9.4944E-01  3.5732E-01
1.1528E-01  4.5817E-01  5.2818E-02
0.0000E+00  0.0000E+00  0.0000E+00
0.0000E+00  0.0000E+00  0.0000E+00
0.0000E+00  0.0000E+00  0.0000E+00
0.0000E+00  0.0000E+00  0.0000E+00
0.0000E+00  0.0000E+00  0.0000E+00
0.0000E+00  0.0000E+00  0.0000E+00
0.0000E+00  0.0000E+00  0.0000E+00
0.0000E+00  0.0000E+00  0.0000E+00
0.0000E+00  0.0000E+00  0.0000E+00
0.0000E+00  0.0000E+00  0.0000E+00
0.0000E+00  0.0000E+00  0.0000E+00
0.0000E+00  0.0000E+00  0.0000E+00
0.0000E+00  0.0000E+00  0.0000E+00
0.0000E+00  0.0000E+00  0.0000E+00
0.0000E+00  0.0000E+00  0.0000E+00
0.0000E+00  0.0000E+00  0.0000E+00
0.0000E+00  0.0000E+00  0.0000E+00
0.0000E+00  0.0000E+00  0.0000E+00
0.0000E+00  0.0000E+00  0.0000E+00
0.0000E+00  0.0000E+00  0.0000E+00
0.0000E+00  0.0000E+00  0.0000E+00
0.0000E+00  0.0000E+00  0.0000E+00
