2.5822E-03  6.0000E-01  1.5493E-03
4.5063E-03  4.5809E-01  2.0643E-03
1.2769E-02  3.9948E-01  5.1010E-03
3.8693E-02  2.7500E-01  1.0641E-02
8.3799E-02  2.0000E-01  1.6760E-02
1.7504E-01  1.5000E-01  2.6256E-02
3.0530E-01  1.1890E-01  3.6300E-02
4.3992E-01  1.0000E-01  4.3992E-02
6.1955E-01  1.0000E-01  6.1955E-02
9.1819E-01  1.0000E-01  9.1819E-02
1.3744E+00  1.0000E-01  1.3744E-01
1.8223E+00  9.9953E-02  1.8214E-01
2.0308E+00  8.7512E-02  1.7772E-01
2.3916E+00  8.0000E-02  1.9133E-01
2.8595E+00  8.0000E-02  2.2876E-01
3.5268E+00  8.0000E-02  2.8214E-01
4.4944E+00  8.0000E-02  3.5955E-01
5.8660E+00  8.0000E-02  4.6928E-01
7.7586E+00  7.9748E-02  6.1873E-01
1.0317E+01  5.9571E-02  6.1459E-01
1.3727E+01  4.7415E-02  6.5087E-01
1.7692E+01  4.0000E-02  7.0768E-01
2.4141E+01  4.0000E-02  9.6564E-01
3.2314E+01  4.0000E-02  1.2926E+00
4.8022E+01  4.0000E-02  1.9209E+00
3.9954E+01  4.0000E-02  1.5982E+00
6.2671E+01  4.0000E-02  2.5068E+00
6.2337E+01  4.0000E-02  2.4935E+00
1.3707E+02  4.0000E-02  5.4828E+00
1.5804E+02  4.0000E-02  6.3216E+00
7.2896E+02  4.0000E-02  2.9158E+01
3.8656E+01  3.0000E-02  1.1597E+00
7.9462E+02  3.0000E-02  2.3839E+01
