 371
 380
 383
 370
 379
 81
 378
 366
 32
 102
 93
 29
 90
 368
 91
 367
 336
 340
 78
 382
 339
 342
 99
 346
 94
 344
 343
 115
 154
 82
 334
 83
 100
 85
 338
 335
 114
 331
 381
 123
 151
 118
 110
 79
 107
 111
 332
 58
 126
 341
 131
 30
 124
 152
 345
 134
 61
 116
 108
 132
 54
 37
 59
 42
 348
 212
 337
 112
 369
 50
 125
 18
 55
 92
 211
 347
 46
 214
 86
 38
 41
 333
 95
 80
 43
 113
 57
 0
 1
 2
 3
 4
 5
 6
 7
 8
 9
 10
 11
 12
 13
 14
 15
 16
 17
 19
 20
 21
 22
 23
 24
 25
 26
 27
 28
 31
 33
 34
 35
 36
 39
 40
 44
 45
 47
 48
 49
 51
 52
 53
 56
 60
 62
 63
 64
 65
 66
 67
 68
 69
 70
 71
 72
 73
 74
 75
 76
 77
 84
 87
 88
 89
 96
 97
 98
 101
 103
 104
 105
 106
 109
 117
 119
 120
 121
 122
 127
 128
 129
 130
 133
 135
 136
 137
 138
 139
 140
 141
 142
 143
 144
 145
 146
 147
 148
 149
 150
 153
 155
 156
 157
 158
 159
 160
 161
 162
 163
 164
 165
 166
 167
 168
 169
 170
 171
 172
 173
 174
 175
 176
 177
 178
 179
 180
 181
 182
 183
 184
 185
 186
 187
 188
 189
 190
 191
 192
 193
 194
 195
 196
 197
 198
 199
 200
 201
 202
 203
 204
 205
 206
 207
 208
 209
 210
 213
 215
 216
 217
 218
 219
 220
 221
 222
 223
 224
 225
 226
 227
 228
 229
 230
 231
 232
 233
 234
 235
 236
 237
 238
 239
 240
 241
 242
 243
 244
 245
 246
 247
 248
 249
 250
 251
 252
 253
 254
 255
 256
 257
 258
 259
 260
 261
 262
 263
 264
 265
 266
 267
 268
 269
 270
 271
 272
 273
 274
 275
 276
 277
 278
 279
 280
 281
 282
 283
 284
 285
 286
 287
 288
 289
 290
 291
 292
 293
 294
 295
 296
 297
 298
 299
 300
 301
 302
 303
 304
 305
 306
 307
 308
 309
 310
 311
 312
 313
 314
 315
 316
 317
 318
 319
 320
 321
 322
 323
 324
 325
 326
 327
 328
 329
 330
 349
 350
 351
 352
 353
 354
 355
 356
 357
 358
 359
 360
 361
 362
 363
 364
 365
 372
 373
 374
 375
 376
 377
 384
 385
 386
 387
 388
 389
 390
 391
 392
 393
 394
 395
 396
 397
 398
 399
 400
 401
 402
 403
 404
 405
 406
 407
 408
 409
 410
 411
 412
 413
 414
 415
 416
 417
 418
 419
 420
 421
 422
 423
 424
 425
 426
 427
 428
 429
 430
 431
 432
 433
 434
 435
 436
 437
 438
 439
 440
 441
 442
 443
 444
 445
 446
 447
 448
 449
 450
 451
 452
 453
 454
 455
 456
 457
 458
 459
 460
 461
 462
 463
 464
 465
 466
 467
 468
 469
 470
