% --- VVER-440 Assembly --------------------------------------
set title "DLFR Safety Assembly surrounded by BoC Perturbation"
set title "DLFR-440"

% --- Fuel pin with central hole:
pin 1
void   0.15000
boci   0.50000
void   0.51650
struct   0.58000
coolant   

% --- Central tube:
pin 2
void   0.15000
boco   0.50000
void   0.51650
struct   0.58000
coolant   

pin 4
safety   0.6800
void     0.7000
struct   0.7500
coolant   

pin 5
reflector   0.58000
coolant   

% should be shield
pin 6
borated   2.125
coolant   


% --- Empty lattice position:
pin 3
coolant   

lat 211 2 0.68 0.0 15 15 1.36
3 3 3 3 3 3 3 3 3 3 3 3 3 3 3
 3 3 3 3 3 3 3 1 1 1 1 1 1 1 3
  3 3 3 3 3 3 1 1 1 1 1 1 1 1 3 
   3 3 3 3 3 1 1 1 1 1 1 1 1 1 3 
    3 3 3 3 1 1 1 1 1 1 1 1 1 1 3 
     3 3 3 1 1 1 1 1 1 1 1 1 1 1 3
      3 3 1 1 1 1 1 1 1 1 1 1 1 1 3
       3 1 1 1 1 1 1 1 1 1 1 1 1 1 3
        3 1 1 1 1 1 1 1 1 1 1 1 1 3 3
         3 1 1 1 1 1 1 1 1 1 1 1 3 3 3 
          3 1 1 1 1 1 1 1 1 1 1 3 3 3 3
           3 1 1 1 1 1 1 1 1 1 3 3 3 3 3
            3 1 1 1 1 1 1 1 1 3 3 3 3 3 3
             3 1 1 1 1 1 1 1 3 3 3 3 3 3 3
              3 3 3 3 3 3 3 3 3 3 3 3 3 3 3 

lat 212 2 -0.34 0.5889 15 15 1.36
3 3 3 3 3 3 3 3 3 3 3 3 3 3 3
 3 3 3 3 3 3 3 1 1 1 1 1 1 1 3
  3 3 3 3 3 3 1 1 1 1 1 1 1 1 3 
   3 3 3 3 3 1 1 1 1 1 1 1 1 1 3 
    3 3 3 3 1 1 1 1 1 1 1 1 1 1 3 
     3 3 3 1 1 1 1 1 1 1 1 1 1 1 3
      3 3 1 1 1 1 1 1 1 1 1 1 1 1 3
       3 1 1 1 1 1 1 1 1 1 1 1 1 1 3
        3 1 1 1 1 1 1 1 1 1 1 1 1 3 3
         3 1 1 1 1 1 1 1 1 1 1 1 3 3 3 
          3 1 1 1 1 1 1 1 1 1 1 3 3 3 3
           3 1 1 1 1 1 1 1 1 1 3 3 3 3 3
            3 1 1 1 1 1 1 1 1 3 3 3 3 3 3
             3 1 1 1 1 1 1 1 3 3 3 3 3 3 3
              3 3 3 3 3 3 3 3 3 3 3 3 3 3 3 

lat 213 2 0.34 0.5889 15 15 1.36
3 3 3 3 3 3 3 3 3 3 3 3 3 3 3
 3 3 3 3 3 3 3 1 1 1 1 1 1 1 3
  3 3 3 3 3 3 1 1 1 1 1 1 1 1 3 
   3 3 3 3 3 1 1 1 1 1 1 1 1 1 3 
    3 3 3 3 1 1 1 1 1 1 1 1 1 1 3 
     3 3 3 1 1 1 1 1 1 1 1 1 1 1 3
      3 3 1 1 1 1 1 1 1 1 1 1 1 1 3
       3 1 1 1 1 1 1 1 1 1 1 1 1 1 3
        3 1 1 1 1 1 1 1 1 1 1 1 1 3 3
         3 1 1 1 1 1 1 1 1 1 1 1 3 3 3 
          3 1 1 1 1 1 1 1 1 1 1 3 3 3 3
           3 1 1 1 1 1 1 1 1 1 3 3 3 3 3
            3 1 1 1 1 1 1 1 1 3 3 3 3 3 3
             3 1 1 1 1 1 1 1 3 3 3 3 3 3 3
              3 3 3 3 3 3 3 3 3 3 3 3 3 3 3 

lat 221 2 0.68 0.0 15 15 1.36
3 3 3 3 3 3 3 3 3 3 3 3 3 3 3
 3 3 3 3 3 3 3 1 1 1 1 1 1 1 3
  3 3 3 3 3 3 1 1 1 1 1 1 1 1 3 
   3 3 3 3 3 1 1 1 1 1 1 1 1 1 3 
    3 3 3 3 1 1 1 3 1 1 1 1 1 1 3 
     3 3 3 1 1 1 3 1 1 1 1 1 1 1 3
      3 3 1 1 1 3 1 1 1 1 1 1 1 1 3
       3 1 1 1 3 1 1 1 1 1 1 1 1 1 3
        3 1 1 1 3 1 1 1 1 1 1 1 1 3 3
         3 1 1 1 3 1 1 1 1 1 1 1 3 3 3 
          3 1 1 1 3 1 1 1 1 1 1 3 3 3 3
           3 1 1 1 1 1 1 1 1 1 3 3 3 3 3
            3 1 1 1 1 1 1 1 1 3 3 3 3 3 3
             3 1 1 1 1 1 1 1 3 3 3 3 3 3 3
              3 3 3 3 3 3 3 3 3 3 3 3 3 3 3 

lat 231 2 0.68 0.0 15 15 1.36
3 3 3 3 3 3 3 3 3 3 3 3 3 3 3
 3 3 3 3 3 3 3 1 1 1 1 1 1 1 3
  3 3 3 3 3 3 1 1 1 1 1 1 1 1 3 
   3 3 3 3 3 1 1 1 1 1 1 1 1 1 3 
    3 3 3 3 1 1 1 1 1 3 1 1 1 1 3 
     3 3 3 1 1 1 1 1 1 3 1 1 1 1 3
      3 3 1 1 1 1 1 1 1 3 1 1 1 1 3
       3 1 1 1 1 1 1 1 1 3 1 1 1 1 3
        3 1 1 1 1 1 1 1 3 1 1 1 1 3 3
         3 1 1 1 1 1 1 3 1 1 1 1 3 3 3 
          3 1 1 1 1 1 3 1 1 1 1 3 3 3 3
           3 1 1 1 1 1 1 1 1 1 3 3 3 3 3
            3 1 1 1 1 1 1 1 1 3 3 3 3 3 3
             3 1 1 1 1 1 1 1 3 3 3 3 3 3 3
              3 3 3 3 3 3 3 3 3 3 3 3 3 3 3 

lat 222 2 -0.34 0.5889 15 15 1.36
3 3 3 3 3 3 3 3 3 3 3 3 3 3 3
 3 3 3 3 3 3 3 1 1 1 1 1 1 1 3
  3 3 3 3 3 3 1 1 1 1 1 1 1 1 3 
   3 3 3 3 3 1 1 1 1 1 1 1 1 1 3 
    3 3 3 3 1 1 1 1 1 1 1 1 1 1 3 
     3 3 3 1 1 1 1 1 1 1 1 1 1 1 3
      3 3 1 1 1 3 1 1 1 1 1 1 1 1 3
       3 1 1 1 1 3 1 1 1 1 1 1 1 1 3
        3 1 1 1 1 3 1 1 1 1 1 1 1 3 3
         3 1 1 1 1 3 3 3 3 1 1 1 3 3 3 
          3 1 1 1 1 1 1 1 1 1 1 3 3 3 3
           3 1 1 1 1 1 1 1 1 1 3 3 3 3 3
            3 1 1 1 1 1 1 1 1 3 3 3 3 3 3
             3 1 1 1 1 1 1 1 3 3 3 3 3 3 3
              3 3 3 3 3 3 3 3 3 3 3 3 3 3 3 

lat 232 2 -0.34 0.5889 15 15 1.36
3 3 3 3 3 3 3 3 3 3 3 3 3 3 3
 3 3 3 3 3 3 3 1 1 1 1 1 1 1 3
  3 3 3 3 3 3 1 1 1 1 1 1 1 1 3 
   3 3 3 3 3 1 1 1 1 1 1 1 1 1 3 
    3 3 3 3 1 1 1 3 3 3 3 3 1 1 3 
     3 3 3 1 1 1 1 1 1 1 3 1 1 1 3
      3 3 1 1 1 1 1 1 1 1 3 1 1 1 3
       3 1 1 1 1 1 1 1 1 1 3 1 1 1 3
        3 1 1 1 1 1 1 1 1 1 1 1 1 3 3
         3 1 1 1 1 1 1 1 1 1 1 1 3 3 3 
          3 1 1 1 1 1 1 1 1 1 1 3 3 3 3
           3 1 1 1 1 1 1 1 1 1 3 3 3 3 3
            3 1 1 1 1 1 1 1 1 3 3 3 3 3 3
             3 1 1 1 1 1 1 1 3 3 3 3 3 3 3
              3 3 3 3 3 3 3 3 3 3 3 3 3 3 3 

lat 223 2 0.34 0.5889 15 15 1.36
3 3 3 3 3 3 3 3 3 3 3 3 3 3 3
 3 3 3 3 3 3 3 1 1 1 1 1 1 1 3
  3 3 3 3 3 3 1 1 1 1 1 1 1 1 3 
   3 3 3 3 3 1 1 1 1 1 1 1 1 1 3 
    3 3 3 3 1 1 1 1 1 1 1 1 1 1 3 
     3 3 3 1 1 1 1 1 1 1 1 1 1 1 3
      3 3 1 1 1 1 1 1 1 1 3 1 1 1 3
       3 1 1 1 1 1 1 1 1 3 1 1 1 1 3
        3 1 1 1 1 1 1 1 3 1 1 1 1 3 3
         3 1 1 1 3 3 3 3 1 1 1 1 3 3 3 
          3 1 1 1 1 1 1 1 1 1 1 3 3 3 3
           3 1 1 1 1 1 1 1 1 1 3 3 3 3 3
            3 1 1 1 1 1 1 1 1 3 3 3 3 3 3
             3 1 1 1 1 1 1 1 3 3 3 3 3 3 3
              3 3 3 3 3 3 3 3 3 3 3 3 3 3 3 

lat 233 2 0.34 0.5889 15 15 1.36
3 3 3 3 3 3 3 3 3 3 3 3 3 3 3
 3 3 3 3 3 3 3 1 1 1 1 1 1 1 3
  3 3 3 3 3 3 1 1 1 1 1 1 1 1 3 
   3 3 3 3 3 1 1 1 1 1 1 1 1 1 3 
    3 3 3 3 1 1 1 3 3 3 3 1 1 1 3 
     3 3 3 1 1 1 3 1 1 1 1 1 1 1 3
      3 3 1 1 1 3 1 1 1 1 1 1 1 1 3
       3 1 1 1 3 1 1 1 1 1 1 1 1 1 3
        3 1 1 1 1 1 1 1 1 1 1 1 1 3 3
         3 1 1 1 1 1 1 1 1 1 1 1 3 3 3 
          3 1 1 1 1 1 1 1 1 1 1 3 3 3 3
           3 1 1 1 1 1 1 1 1 1 3 3 3 3 3
            3 1 1 1 1 1 1 1 1 3 3 3 3 3 3
             3 1 1 1 1 1 1 1 3 3 3 3 3 3 3
              3 3 3 3 3 3 3 3 3 3 3 3 3 3 3 

lat 226 2 0.0 0.0 15 15 1.36
3 3 3 3 3 3 3 3 3 3 3 3 3 3 3
 3 3 3 3 3 3 3 1 1 1 1 1 1 1 3
  3 3 3 3 3 3 1 1 1 1 1 1 1 1 3 
   3 3 3 3 3 1 1 1 1 1 1 1 1 1 3 
    3 3 3 3 1 1 1 1 1 1 1 3 1 1 3 
     3 3 3 1 1 1 1 1 1 1 3 1 1 1 3
      3 3 1 1 1 1 1 1 1 3 1 1 1 1 3
       3 1 1 1 1 1 1 1 3 1 1 1 1 1 3
        3 1 1 1 1 1 1 3 1 1 1 1 1 3 3
         3 1 1 1 1 1 3 1 1 1 1 1 3 3 3 
          3 1 1 1 1 3 1 1 1 1 1 3 3 3 3
           3 1 1 1 1 1 1 1 1 1 3 3 3 3 3
            3 1 1 1 1 1 1 1 1 3 3 3 3 3 3
             3 1 1 1 1 1 1 1 3 3 3 3 3 3 3
              3 3 3 3 3 3 3 3 3 3 3 3 3 3 3 

lat 236 2 0.0 0.0 15 15 1.36
3 3 3 3 3 3 3 3 3 3 3 3 3 3 3
 3 3 3 3 3 3 3 1 1 1 1 1 1 1 3
  3 3 3 3 3 3 1 1 1 1 1 1 1 1 3 
   3 3 3 3 3 1 1 1 3 1 1 1 1 1 3 
    3 3 3 3 1 1 1 1 3 1 1 1 1 1 3 
     3 3 3 1 1 1 1 1 3 1 1 1 1 1 3
      3 3 1 1 1 1 1 1 3 1 1 1 1 1 3
       3 1 1 1 1 1 1 1 3 1 1 1 1 1 3
        3 1 1 1 1 1 1 1 3 1 1 1 1 3 3
         3 1 1 1 1 1 1 1 3 1 1 1 3 3 3 
          3 1 1 1 1 1 1 1 1 1 1 3 3 3 3
           3 1 1 1 1 1 1 1 1 1 3 3 3 3 3
            3 1 1 1 1 1 1 1 1 3 3 3 3 3 3
             3 1 1 1 1 1 1 1 3 3 3 3 3 3 3
              3 3 3 3 3 3 3 3 3 3 3 3 3 3 3 

lat 246 2 0.0 0.0 15 15 1.36
3 3 3 3 3 3 3 3 3 3 3 3 3 3 3
 3 3 3 3 3 3 3 1 1 1 1 1 1 1 3
  3 3 3 3 3 3 1 1 1 1 1 1 1 1 3 
   3 3 3 3 3 1 1 1 1 1 1 1 1 1 3 
    3 3 3 3 1 1 1 1 1 1 1 1 1 1 3 
     3 3 3 1 1 1 1 1 1 1 1 1 1 1 3
      3 3 1 1 3 3 3 3 3 3 3 1 1 1 3
       3 1 1 1 1 1 1 1 1 1 1 1 1 1 3
        3 1 1 1 1 1 1 1 1 1 1 1 1 3 3
         3 1 1 1 1 1 1 1 1 1 1 1 3 3 3 
          3 1 1 1 1 1 1 1 1 1 1 3 3 3 3
           3 1 1 1 1 1 1 1 1 1 3 3 3 3 3
            3 1 1 1 1 1 1 1 1 3 3 3 3 3 3
             3 1 1 1 1 1 1 1 3 3 3 3 3 3 3
              3 3 3 3 3 3 3 3 3 3 3 3 3 3 3 

lat 256 2 0.0 0.0 15 15 1.36
3 3 3 3 3 3 3 3 3 3 3 3 3 3 3
 3 3 3 3 3 3 3 1 1 1 1 1 1 1 3
  3 3 3 3 3 3 1 1 1 1 1 1 1 1 3 
   3 3 3 3 3 1 1 1 1 1 1 1 1 1 3 
    3 3 3 3 1 1 1 1 1 3 1 1 1 1 3 
     3 3 3 1 1 1 1 1 3 1 1 1 1 1 3
      3 3 1 1 1 1 1 3 1 1 1 1 1 1 3
       3 1 1 1 1 1 3 1 1 1 1 1 1 1 3
        3 1 1 1 1 3 1 1 1 1 1 1 1 3 3
         3 1 1 1 3 1 1 1 1 1 1 1 3 3 3 
          3 1 1 3 1 1 1 1 1 1 1 3 3 3 3
           3 1 1 1 1 1 1 1 1 1 3 3 3 3 3
            3 1 1 1 1 1 1 1 1 3 3 3 3 3 3
             3 1 1 1 1 1 1 1 3 3 3 3 3 3 3
              3 3 3 3 3 3 3 3 3 3 3 3 3 3 3 

lat 266 2 0.0 0.0 15 15 1.36
3 3 3 3 3 3 3 3 3 3 3 3 3 3 3
 3 3 3 3 3 3 3 1 1 1 1 1 1 1 3
  3 3 3 3 3 3 1 1 1 1 1 1 1 1 3 
   3 3 3 3 3 1 1 1 1 1 1 1 1 1 3 
    3 3 3 3 1 1 3 1 1 1 1 1 1 1 3 
     3 3 3 1 1 1 3 1 1 1 1 1 1 1 3
      3 3 1 1 1 1 3 1 1 1 1 1 1 1 3
       3 1 1 1 1 1 3 1 1 1 1 1 1 1 3
        3 1 1 1 1 1 3 1 1 1 1 1 1 3 3
         3 1 1 1 1 1 3 1 1 1 1 1 3 3 3 
          3 1 1 1 1 1 3 1 1 1 1 3 3 3 3
           3 1 1 1 1 1 1 1 1 1 3 3 3 3 3
            3 1 1 1 1 1 1 1 1 3 3 3 3 3 3
             3 1 1 1 1 1 1 1 3 3 3 3 3 3 3
              3 3 3 3 3 3 3 3 3 3 3 3 3 3 3 

lat 276 2 0.0 0.0 15 15 1.36
3 3 3 3 3 3 3 3 3 3 3 3 3 3 3
 3 3 3 3 3 3 3 1 1 1 1 1 1 1 3
  3 3 3 3 3 3 1 1 1 1 1 1 1 1 3 
   3 3 3 3 3 1 1 1 1 1 1 1 1 1 3 
    3 3 3 3 1 1 1 1 1 1 1 1 1 1 3 
     3 3 3 1 1 1 1 1 1 1 1 1 1 1 3
      3 3 1 1 1 1 1 1 1 1 1 1 1 1 3
       3 1 1 1 1 1 1 1 1 1 1 1 1 1 3
        3 1 1 3 3 3 3 3 3 3 3 1 1 3 3
         3 1 1 1 1 1 1 1 1 1 1 1 3 3 3 
          3 1 1 1 1 1 1 1 1 1 1 3 3 3 3
           3 1 1 1 1 1 1 1 1 1 3 3 3 3 3
            3 1 1 1 1 1 1 1 1 3 3 3 3 3 3
             3 1 1 1 1 1 1 1 3 3 3 3 3 3 3
              3 3 3 3 3 3 3 3 3 3 3 3 3 3 3 

lat 21195 2 0.68 0.0 15 15 1.36
3 3 3 3 3 3 3 3 3 3 3 3 3 3 3
 3 3 3 3 3 3 3 1 1 1 1 1 1 1 3
  3 3 3 3 3 3 1 1 1 1 1 1 1 1 3 
   3 3 3 3 3 1 1 1 1 1 1 1 1 1 3 
    3 3 3 3 1 1 1 1 1 1 1 1 1 1 3 
     3 3 3 1 1 1 1 1 1 1 1 1 1 1 3
      3 3 1 1 1 1 1 1 1 1 1 1 1 1 3
       3 1 1 1 1 1 1 1 1 1 1 1 1 1 3
        3 1 1 1 1 1 1 1 1 1 1 1 1 3 3
         3 1 1 1 1 1 1 1 1 1 1 1 3 3 3 
          3 1 1 1 1 1 1 1 1 1 1 3 3 3 3
           3 1 1 1 1 1 1 1 1 1 3 3 3 3 3
            3 1 1 1 1 1 1 1 1 3 3 3 3 3 3
             3 1 1 1 1 1 1 1 3 3 3 3 3 3 3
              3 3 3 3 3 3 3 3 3 3 3 3 3 3 3 

lat 21295 2 -0.34 0.5889 15 15 1.36
3 3 3 3 3 3 3 3 3 3 3 3 3 3 3
 3 3 3 3 3 3 3 1 1 1 1 1 1 1 3
  3 3 3 3 3 3 1 1 1 1 1 1 1 1 3 
   3 3 3 3 3 1 1 1 1 1 1 1 1 1 3 
    3 3 3 3 1 1 1 1 1 1 1 1 1 1 3 
     3 3 3 1 1 1 1 1 1 1 1 1 1 1 3
      3 3 1 1 1 1 1 1 1 1 1 1 1 1 3
       3 1 1 1 1 1 1 1 1 1 1 1 1 1 3
        3 1 1 1 1 1 1 1 1 1 1 1 1 3 3
         3 1 1 1 1 1 1 1 1 1 1 1 3 3 3 
          3 1 1 1 1 1 1 1 1 1 1 3 3 3 3
           3 1 1 1 1 1 1 1 1 1 3 3 3 3 3
            3 1 1 1 1 1 1 1 1 3 3 3 3 3 3
             3 1 1 1 1 1 1 1 3 3 3 3 3 3 3
              3 3 3 3 3 3 3 3 3 3 3 3 3 3 3 

lat 21395 2 0.34 0.5889 15 15 1.36
3 3 3 3 3 3 3 3 3 3 3 3 3 3 3
 3 3 3 3 3 3 3 1 1 1 1 1 1 1 3
  3 3 3 3 3 3 1 1 1 1 1 1 1 1 3 
   3 3 3 3 3 1 1 1 1 1 1 1 1 1 3 
    3 3 3 3 1 1 1 1 1 1 1 1 1 1 3 
     3 3 3 1 1 1 1 1 1 1 1 1 1 1 3
      3 3 1 1 1 1 1 1 1 1 1 1 1 1 3
       3 1 1 1 1 1 1 1 1 1 1 1 1 1 3
        3 1 1 1 1 1 1 1 1 1 1 1 1 3 3
         3 1 1 1 1 1 1 1 1 1 1 1 3 3 3 
          3 1 1 1 1 1 1 1 1 1 1 3 3 3 3
           3 1 1 1 1 1 1 1 1 1 3 3 3 3 3
            3 1 1 1 1 1 1 1 1 3 3 3 3 3 3
             3 1 1 1 1 1 1 1 3 3 3 3 3 3 3
              3 3 3 3 3 3 3 3 3 3 3 3 3 3 3 

lat 22195 2 0.68 0.0 15 15 1.36
3 3 3 3 3 3 3 3 3 3 3 3 3 3 3
 3 3 3 3 3 3 3 1 1 1 1 1 1 1 3
  3 3 3 3 3 3 1 1 1 1 1 1 1 1 3 
   3 3 3 3 3 1 1 1 1 1 1 1 1 1 3 
    3 3 3 3 1 1 1 3 1 1 1 1 1 1 3 
     3 3 3 1 1 1 3 1 1 1 1 1 1 1 3
      3 3 1 1 1 3 1 1 1 1 1 1 1 1 3
       3 1 1 1 3 1 1 1 1 1 1 1 1 1 3
        3 1 1 1 3 1 1 1 1 1 1 1 1 3 3
         3 1 1 1 3 1 1 1 1 1 1 1 3 3 3 
          3 1 1 1 3 1 1 1 1 1 1 3 3 3 3
           3 1 1 1 1 1 1 1 1 1 3 3 3 3 3
            3 1 1 1 1 1 1 1 1 3 3 3 3 3 3
             3 1 1 1 1 1 1 1 3 3 3 3 3 3 3
              3 3 3 3 3 3 3 3 3 3 3 3 3 3 3 

lat 23195 2 0.68 0.0 15 15 1.36
3 3 3 3 3 3 3 3 3 3 3 3 3 3 3
 3 3 3 3 3 3 3 1 1 1 1 1 1 1 3
  3 3 3 3 3 3 1 1 1 1 1 1 1 1 3 
   3 3 3 3 3 1 1 1 1 1 1 1 1 1 3 
    3 3 3 3 1 1 1 1 1 3 1 1 1 1 3 
     3 3 3 1 1 1 1 1 1 3 1 1 1 1 3
      3 3 1 1 1 1 1 1 1 3 1 1 1 1 3
       3 1 1 1 1 1 1 1 1 3 1 1 1 1 3
        3 1 1 1 1 1 1 1 3 1 1 1 1 3 3
         3 1 1 1 1 1 1 3 1 1 1 1 3 3 3 
          3 1 1 1 1 1 3 1 1 1 1 3 3 3 3
           3 1 1 1 1 1 1 1 1 1 3 3 3 3 3
            3 1 1 1 1 1 1 1 1 3 3 3 3 3 3
             3 1 1 1 1 1 1 1 3 3 3 3 3 3 3
              3 3 3 3 3 3 3 3 3 3 3 3 3 3 3 

lat 22295 2 -0.34 0.5889 15 15 1.36
3 3 3 3 3 3 3 3 3 3 3 3 3 3 3
 3 3 3 3 3 3 3 1 1 1 1 1 1 1 3
  3 3 3 3 3 3 1 1 1 1 1 1 1 1 3 
   3 3 3 3 3 1 1 1 1 1 1 1 1 1 3 
    3 3 3 3 1 1 1 1 1 1 1 1 1 1 3 
     3 3 3 1 1 1 1 1 1 1 1 1 1 1 3
      3 3 1 1 1 3 1 1 1 1 1 1 1 1 3
       3 1 1 1 1 3 1 1 1 1 1 1 1 1 3
        3 1 1 1 1 3 1 1 1 1 1 1 1 3 3
         3 1 1 1 1 3 3 3 3 1 1 1 3 3 3 
          3 1 1 1 1 1 1 1 1 1 1 3 3 3 3
           3 1 1 1 1 1 1 1 1 1 3 3 3 3 3
            3 1 1 1 1 1 1 1 1 3 3 3 3 3 3
             3 1 1 1 1 1 1 1 3 3 3 3 3 3 3
              3 3 3 3 3 3 3 3 3 3 3 3 3 3 3 

lat 23295 2 -0.34 0.5889 15 15 1.36
3 3 3 3 3 3 3 3 3 3 3 3 3 3 3
 3 3 3 3 3 3 3 1 1 1 1 1 1 1 3
  3 3 3 3 3 3 1 1 1 1 1 1 1 1 3 
   3 3 3 3 3 1 1 1 1 1 1 1 1 1 3 
    3 3 3 3 1 1 1 3 3 3 3 3 1 1 3 
     3 3 3 1 1 1 1 1 1 1 3 1 1 1 3
      3 3 1 1 1 1 1 1 1 1 3 1 1 1 3
       3 1 1 1 1 1 1 1 1 1 3 1 1 1 3
        3 1 1 1 1 1 1 1 1 1 1 1 1 3 3
         3 1 1 1 1 1 1 1 1 1 1 1 3 3 3 
          3 1 1 1 1 1 1 1 1 1 1 3 3 3 3
           3 1 1 1 1 1 1 1 1 1 3 3 3 3 3
            3 1 1 1 1 1 1 1 1 3 3 3 3 3 3
             3 1 1 1 1 1 1 1 3 3 3 3 3 3 3
              3 3 3 3 3 3 3 3 3 3 3 3 3 3 3 

lat 22395 2 0.34 0.5889 15 15 1.36
3 3 3 3 3 3 3 3 3 3 3 3 3 3 3
 3 3 3 3 3 3 3 1 1 1 1 1 1 1 3
  3 3 3 3 3 3 1 1 1 1 1 1 1 1 3 
   3 3 3 3 3 1 1 1 1 1 1 1 1 1 3 
    3 3 3 3 1 1 1 1 1 1 1 1 1 1 3 
     3 3 3 1 1 1 1 1 1 1 1 1 1 1 3
      3 3 1 1 1 1 1 1 1 1 3 1 1 1 3
       3 1 1 1 1 1 1 1 1 3 1 1 1 1 3
        3 1 1 1 1 1 1 1 3 1 1 1 1 3 3
         3 1 1 1 3 3 3 3 1 1 1 1 3 3 3 
          3 1 1 1 1 1 1 1 1 1 1 3 3 3 3
           3 1 1 1 1 1 1 1 1 1 3 3 3 3 3
            3 1 1 1 1 1 1 1 1 3 3 3 3 3 3
             3 1 1 1 1 1 1 1 3 3 3 3 3 3 3
              3 3 3 3 3 3 3 3 3 3 3 3 3 3 3 

lat 23395 2 0.34 0.5889 15 15 1.36
3 3 3 3 3 3 3 3 3 3 3 3 3 3 3
 3 3 3 3 3 3 3 1 1 1 1 1 1 1 3
  3 3 3 3 3 3 1 1 1 1 1 1 1 1 3 
   3 3 3 3 3 1 1 1 1 1 1 1 1 1 3 
    3 3 3 3 1 1 1 3 3 3 3 1 1 1 3 
     3 3 3 1 1 1 3 1 1 1 1 1 1 1 3
      3 3 1 1 1 3 1 1 1 1 1 1 1 1 3
       3 1 1 1 3 1 1 1 1 1 1 1 1 1 3
        3 1 1 1 1 1 1 1 1 1 1 1 1 3 3
         3 1 1 1 1 1 1 1 1 1 1 1 3 3 3 
          3 1 1 1 1 1 1 1 1 1 1 3 3 3 3
           3 1 1 1 1 1 1 1 1 1 3 3 3 3 3
            3 1 1 1 1 1 1 1 1 3 3 3 3 3 3
             3 1 1 1 1 1 1 1 3 3 3 3 3 3 3
              3 3 3 3 3 3 3 3 3 3 3 3 3 3 3 

lat 22695 2 0.0 0.0 15 15 1.36
3 3 3 3 3 3 3 3 3 3 3 3 3 3 3
 3 3 3 3 3 3 3 1 1 1 1 1 1 1 3
  3 3 3 3 3 3 1 1 1 1 1 1 1 1 3 
   3 3 3 3 3 1 1 1 1 1 1 1 1 1 3 
    3 3 3 3 1 1 1 1 1 1 1 3 1 1 3 
     3 3 3 1 1 1 1 1 1 1 3 1 1 1 3
      3 3 1 1 1 1 1 1 1 3 1 1 1 1 3
       3 1 1 1 1 1 1 1 3 1 1 1 1 1 3
        3 1 1 1 1 1 1 3 1 1 1 1 1 3 3
         3 1 1 1 1 1 3 1 1 1 1 1 3 3 3 
          3 1 1 1 1 3 1 1 1 1 1 3 3 3 3
           3 1 1 1 1 1 1 1 1 1 3 3 3 3 3
            3 1 1 1 1 1 1 1 1 3 3 3 3 3 3
             3 1 1 1 1 1 1 1 3 3 3 3 3 3 3
              3 3 3 3 3 3 3 3 3 3 3 3 3 3 3 

lat 23695 2 0.0 0.0 15 15 1.36
3 3 3 3 3 3 3 3 3 3 3 3 3 3 3
 3 3 3 3 3 3 3 1 1 1 1 1 1 1 3
  3 3 3 3 3 3 1 1 1 1 1 1 1 1 3 
   3 3 3 3 3 1 1 1 3 1 1 1 1 1 3 
    3 3 3 3 1 1 1 1 3 1 1 1 1 1 3 
     3 3 3 1 1 1 1 1 3 1 1 1 1 1 3
      3 3 1 1 1 1 1 1 3 1 1 1 1 1 3
       3 1 1 1 1 1 1 1 3 1 1 1 1 1 3
        3 1 1 1 1 1 1 1 3 1 1 1 1 3 3
         3 1 1 1 1 1 1 1 3 1 1 1 3 3 3 
          3 1 1 1 1 1 1 1 1 1 1 3 3 3 3
           3 1 1 1 1 1 1 1 1 1 3 3 3 3 3
            3 1 1 1 1 1 1 1 1 3 3 3 3 3 3
             3 1 1 1 1 1 1 1 3 3 3 3 3 3 3
              3 3 3 3 3 3 3 3 3 3 3 3 3 3 3 

lat 24695 2 0.0 0.0 15 15 1.36
3 3 3 3 3 3 3 3 3 3 3 3 3 3 3
 3 3 3 3 3 3 3 1 1 1 1 1 1 1 3
  3 3 3 3 3 3 1 1 1 1 1 1 1 1 3 
   3 3 3 3 3 1 1 1 1 1 1 1 1 1 3 
    3 3 3 3 1 1 1 1 1 1 1 1 1 1 3 
     3 3 3 1 1 1 1 1 1 1 1 1 1 1 3
      3 3 1 1 3 3 3 3 3 3 3 1 1 1 3
       3 1 1 1 1 1 1 1 1 1 1 1 1 1 3
        3 1 1 1 1 1 1 1 1 1 1 1 1 3 3
         3 1 1 1 1 1 1 1 1 1 1 1 3 3 3 
          3 1 1 1 1 1 1 1 1 1 1 3 3 3 3
           3 1 1 1 1 1 1 1 1 1 3 3 3 3 3
            3 1 1 1 1 1 1 1 1 3 3 3 3 3 3
             3 1 1 1 1 1 1 1 3 3 3 3 3 3 3
              3 3 3 3 3 3 3 3 3 3 3 3 3 3 3 

lat 25695 2 0.0 0.0 15 15 1.36
3 3 3 3 3 3 3 3 3 3 3 3 3 3 3
 3 3 3 3 3 3 3 1 1 1 1 1 1 1 3
  3 3 3 3 3 3 1 1 1 1 1 1 1 1 3 
   3 3 3 3 3 1 1 1 1 1 1 1 1 1 3 
    3 3 3 3 1 1 1 1 1 3 1 1 1 1 3 
     3 3 3 1 1 1 1 1 3 1 1 1 1 1 3
      3 3 1 1 1 1 1 3 1 1 1 1 1 1 3
       3 1 1 1 1 1 3 1 1 1 1 1 1 1 3
        3 1 1 1 1 3 1 1 1 1 1 1 1 3 3
         3 1 1 1 3 1 1 1 1 1 1 1 3 3 3 
          3 1 1 3 1 1 1 1 1 1 1 3 3 3 3
           3 1 1 1 1 1 1 1 1 1 3 3 3 3 3
            3 1 1 1 1 1 1 1 1 3 3 3 3 3 3
             3 1 1 1 1 1 1 1 3 3 3 3 3 3 3
              3 3 3 3 3 3 3 3 3 3 3 3 3 3 3 

lat 26695 2 0.0 0.0 15 15 1.36
3 3 3 3 3 3 3 3 3 3 3 3 3 3 3
 3 3 3 3 3 3 3 1 1 1 1 1 1 1 3
  3 3 3 3 3 3 1 1 1 1 1 1 1 1 3 
   3 3 3 3 3 1 1 1 1 1 1 1 1 1 3 
    3 3 3 3 1 1 3 1 1 1 1 1 1 1 3 
     3 3 3 1 1 1 3 1 1 1 1 1 1 1 3
      3 3 1 1 1 1 3 1 1 1 1 1 1 1 3
       3 1 1 1 1 1 3 1 1 1 1 1 1 1 3
        3 1 1 1 1 1 3 1 1 1 1 1 1 3 3
         3 1 1 1 1 1 3 1 1 1 1 1 3 3 3 
          3 1 1 1 1 1 3 1 1 1 1 3 3 3 3
           3 1 1 1 1 1 1 1 1 1 3 3 3 3 3
            3 1 1 1 1 1 1 1 1 3 3 3 3 3 3
             3 1 1 1 1 1 1 1 3 3 3 3 3 3 3
              3 3 3 3 3 3 3 3 3 3 3 3 3 3 3 

lat 27695 2 0.0 0.0 15 15 1.36
3 3 3 3 3 3 3 3 3 3 3 3 3 3 3
 3 3 3 3 3 3 3 1 1 1 1 1 1 1 3
  3 3 3 3 3 3 1 1 1 1 1 1 1 1 3 
   3 3 3 3 3 1 1 1 1 1 1 1 1 1 3 
    3 3 3 3 1 1 1 1 1 1 1 1 1 1 3 
     3 3 3 1 1 1 1 1 1 1 1 1 1 1 3
      3 3 1 1 1 1 1 1 1 1 1 1 1 1 3
       3 1 1 1 1 1 1 1 1 1 1 1 1 1 3
        3 1 1 3 3 3 3 3 3 3 3 1 1 3 3
         3 1 1 1 1 1 1 1 1 1 1 1 3 3 3 
          3 1 1 1 1 1 1 1 1 1 1 3 3 3 3
           3 1 1 1 1 1 1 1 1 1 3 3 3 3 3
            3 1 1 1 1 1 1 1 1 3 3 3 3 3 3
             3 1 1 1 1 1 1 1 3 3 3 3 3 3 3
              3 3 3 3 3 3 3 3 3 3 3 3 3 3 3 

lat 21197 2 0.68 0.0 15 15 1.36
3 3 3 3 3 3 3 3 3 3 3 3 3 3 3
 3 3 3 3 3 3 3 1 1 1 1 1 1 1 3
  3 3 3 3 3 3 1 1 1 1 1 1 1 1 3 
   3 3 3 3 3 1 1 1 1 1 1 1 1 1 3 
    3 3 3 3 1 1 1 1 1 1 1 1 1 1 3 
     3 3 3 1 1 1 1 1 1 1 1 1 1 1 3
      3 3 1 1 1 1 1 1 1 1 1 1 1 1 3
       3 1 1 1 1 1 1 1 1 1 1 1 1 1 3
        3 1 1 1 1 1 1 1 1 1 1 1 1 3 3
         3 1 1 1 1 1 1 1 1 1 1 1 3 3 3 
          3 1 1 1 1 1 1 1 1 1 1 3 3 3 3
           3 1 1 1 1 1 1 1 1 1 3 3 3 3 3
            3 1 1 1 1 1 1 1 1 3 3 3 3 3 3
             3 1 1 1 1 1 1 1 3 3 3 3 3 3 3
              3 3 3 3 3 3 3 3 3 3 3 3 3 3 3 

lat 21297 2 -0.34 0.5889 15 15 1.36
3 3 3 3 3 3 3 3 3 3 3 3 3 3 3
 3 3 3 3 3 3 3 1 1 1 1 1 1 1 3
  3 3 3 3 3 3 1 1 1 1 1 1 1 1 3 
   3 3 3 3 3 1 1 1 1 1 1 1 1 1 3 
    3 3 3 3 1 1 1 1 1 1 1 1 1 1 3 
     3 3 3 1 1 1 1 1 1 1 1 1 1 1 3
      3 3 1 1 1 1 1 1 1 1 1 1 1 1 3
       3 1 1 1 1 1 1 1 1 1 1 1 1 1 3
        3 1 1 1 1 1 1 1 1 1 1 1 1 3 3
         3 1 1 1 1 1 1 1 1 1 1 1 3 3 3 
          3 1 1 1 1 1 1 1 1 1 1 3 3 3 3
           3 1 1 1 1 1 1 1 1 1 3 3 3 3 3
            3 1 1 1 1 1 1 1 1 3 3 3 3 3 3
             3 1 1 1 1 1 1 1 3 3 3 3 3 3 3
              3 3 3 3 3 3 3 3 3 3 3 3 3 3 3 

lat 21397 2 0.34 0.5889 15 15 1.36
3 3 3 3 3 3 3 3 3 3 3 3 3 3 3
 3 3 3 3 3 3 3 1 1 1 1 1 1 1 3
  3 3 3 3 3 3 1 1 1 1 1 1 1 1 3 
   3 3 3 3 3 1 1 1 1 1 1 1 1 1 3 
    3 3 3 3 1 1 1 1 1 1 1 1 1 1 3 
     3 3 3 1 1 1 1 1 1 1 1 1 1 1 3
      3 3 1 1 1 1 1 1 1 1 1 1 1 1 3
       3 1 1 1 1 1 1 1 1 1 1 1 1 1 3
        3 1 1 1 1 1 1 1 1 1 1 1 1 3 3
         3 1 1 1 1 1 1 1 1 1 1 1 3 3 3 
          3 1 1 1 1 1 1 1 1 1 1 3 3 3 3
           3 1 1 1 1 1 1 1 1 1 3 3 3 3 3
            3 1 1 1 1 1 1 1 1 3 3 3 3 3 3
             3 1 1 1 1 1 1 1 3 3 3 3 3 3 3
              3 3 3 3 3 3 3 3 3 3 3 3 3 3 3 

lat 22197 2 0.68 0.0 15 15 1.36
3 3 3 3 3 3 3 3 3 3 3 3 3 3 3
 3 3 3 3 3 3 3 1 1 1 1 1 1 1 3
  3 3 3 3 3 3 1 1 1 1 1 1 1 1 3 
   3 3 3 3 3 1 1 1 1 1 1 1 1 1 3 
    3 3 3 3 1 1 1 3 1 1 1 1 1 1 3 
     3 3 3 1 1 1 3 1 1 1 1 1 1 1 3
      3 3 1 1 1 3 1 1 1 1 1 1 1 1 3
       3 1 1 1 3 1 1 1 1 1 1 1 1 1 3
        3 1 1 1 3 1 1 1 1 1 1 1 1 3 3
         3 1 1 1 3 1 1 1 1 1 1 1 3 3 3 
          3 1 1 1 3 1 1 1 1 1 1 3 3 3 3
           3 1 1 1 1 1 1 1 1 1 3 3 3 3 3
            3 1 1 1 1 1 1 1 1 3 3 3 3 3 3
             3 1 1 1 1 1 1 1 3 3 3 3 3 3 3
              3 3 3 3 3 3 3 3 3 3 3 3 3 3 3 

lat 23197 2 0.68 0.0 15 15 1.36
3 3 3 3 3 3 3 3 3 3 3 3 3 3 3
 3 3 3 3 3 3 3 1 1 1 1 1 1 1 3
  3 3 3 3 3 3 1 1 1 1 1 1 1 1 3 
   3 3 3 3 3 1 1 1 1 1 1 1 1 1 3 
    3 3 3 3 1 1 1 1 1 3 1 1 1 1 3 
     3 3 3 1 1 1 1 1 1 3 1 1 1 1 3
      3 3 1 1 1 1 1 1 1 3 1 1 1 1 3
       3 1 1 1 1 1 1 1 1 3 1 1 1 1 3
        3 1 1 1 1 1 1 1 3 1 1 1 1 3 3
         3 1 1 1 1 1 1 3 1 1 1 1 3 3 3 
          3 1 1 1 1 1 3 1 1 1 1 3 3 3 3
           3 1 1 1 1 1 1 1 1 1 3 3 3 3 3
            3 1 1 1 1 1 1 1 1 3 3 3 3 3 3
             3 1 1 1 1 1 1 1 3 3 3 3 3 3 3
              3 3 3 3 3 3 3 3 3 3 3 3 3 3 3 

lat 22297 2 -0.34 0.5889 15 15 1.36
3 3 3 3 3 3 3 3 3 3 3 3 3 3 3
 3 3 3 3 3 3 3 1 1 1 1 1 1 1 3
  3 3 3 3 3 3 1 1 1 1 1 1 1 1 3 
   3 3 3 3 3 1 1 1 1 1 1 1 1 1 3 
    3 3 3 3 1 1 1 1 1 1 1 1 1 1 3 
     3 3 3 1 1 1 1 1 1 1 1 1 1 1 3
      3 3 1 1 1 3 1 1 1 1 1 1 1 1 3
       3 1 1 1 1 3 1 1 1 1 1 1 1 1 3
        3 1 1 1 1 3 1 1 1 1 1 1 1 3 3
         3 1 1 1 1 3 3 3 3 1 1 1 3 3 3 
          3 1 1 1 1 1 1 1 1 1 1 3 3 3 3
           3 1 1 1 1 1 1 1 1 1 3 3 3 3 3
            3 1 1 1 1 1 1 1 1 3 3 3 3 3 3
             3 1 1 1 1 1 1 1 3 3 3 3 3 3 3
              3 3 3 3 3 3 3 3 3 3 3 3 3 3 3 

lat 23297 2 -0.34 0.5889 15 15 1.36
3 3 3 3 3 3 3 3 3 3 3 3 3 3 3
 3 3 3 3 3 3 3 1 1 1 1 1 1 1 3
  3 3 3 3 3 3 1 1 1 1 1 1 1 1 3 
   3 3 3 3 3 1 1 1 1 1 1 1 1 1 3 
    3 3 3 3 1 1 1 3 3 3 3 3 1 1 3 
     3 3 3 1 1 1 1 1 1 1 3 1 1 1 3
      3 3 1 1 1 1 1 1 1 1 3 1 1 1 3
       3 1 1 1 1 1 1 1 1 1 3 1 1 1 3
        3 1 1 1 1 1 1 1 1 1 1 1 1 3 3
         3 1 1 1 1 1 1 1 1 1 1 1 3 3 3 
          3 1 1 1 1 1 1 1 1 1 1 3 3 3 3
           3 1 1 1 1 1 1 1 1 1 3 3 3 3 3
            3 1 1 1 1 1 1 1 1 3 3 3 3 3 3
             3 1 1 1 1 1 1 1 3 3 3 3 3 3 3
              3 3 3 3 3 3 3 3 3 3 3 3 3 3 3 

lat 22397 2 0.34 0.5889 15 15 1.36
3 3 3 3 3 3 3 3 3 3 3 3 3 3 3
 3 3 3 3 3 3 3 1 1 1 1 1 1 1 3
  3 3 3 3 3 3 1 1 1 1 1 1 1 1 3 
   3 3 3 3 3 1 1 1 1 1 1 1 1 1 3 
    3 3 3 3 1 1 1 1 1 1 1 1 1 1 3 
     3 3 3 1 1 1 1 1 1 1 1 1 1 1 3
      3 3 1 1 1 1 1 1 1 1 3 1 1 1 3
       3 1 1 1 1 1 1 1 1 3 1 1 1 1 3
        3 1 1 1 1 1 1 1 3 1 1 1 1 3 3
         3 1 1 1 3 3 3 3 1 1 1 1 3 3 3 
          3 1 1 1 1 1 1 1 1 1 1 3 3 3 3
           3 1 1 1 1 1 1 1 1 1 3 3 3 3 3
            3 1 1 1 1 1 1 1 1 3 3 3 3 3 3
             3 1 1 1 1 1 1 1 3 3 3 3 3 3 3
              3 3 3 3 3 3 3 3 3 3 3 3 3 3 3 

lat 23397 2 0.34 0.5889 15 15 1.36
3 3 3 3 3 3 3 3 3 3 3 3 3 3 3
 3 3 3 3 3 3 3 1 1 1 1 1 1 1 3
  3 3 3 3 3 3 1 1 1 1 1 1 1 1 3 
   3 3 3 3 3 1 1 1 1 1 1 1 1 1 3 
    3 3 3 3 1 1 1 3 3 3 3 1 1 1 3 
     3 3 3 1 1 1 3 1 1 1 1 1 1 1 3
      3 3 1 1 1 3 1 1 1 1 1 1 1 1 3
       3 1 1 1 3 1 1 1 1 1 1 1 1 1 3
        3 1 1 1 1 1 1 1 1 1 1 1 1 3 3
         3 1 1 1 1 1 1 1 1 1 1 1 3 3 3 
          3 1 1 1 1 1 1 1 1 1 1 3 3 3 3
           3 1 1 1 1 1 1 1 1 1 3 3 3 3 3
            3 1 1 1 1 1 1 1 1 3 3 3 3 3 3
             3 1 1 1 1 1 1 1 3 3 3 3 3 3 3
              3 3 3 3 3 3 3 3 3 3 3 3 3 3 3 

lat 22697 2 0.0 0.0 15 15 1.36
3 3 3 3 3 3 3 3 3 3 3 3 3 3 3
 3 3 3 3 3 3 3 1 1 1 1 1 1 1 3
  3 3 3 3 3 3 1 1 1 1 1 1 1 1 3 
   3 3 3 3 3 1 1 1 1 1 1 1 1 1 3 
    3 3 3 3 1 1 1 1 1 1 1 3 1 1 3 
     3 3 3 1 1 1 1 1 1 1 3 1 1 1 3
      3 3 1 1 1 1 1 1 1 3 1 1 1 1 3
       3 1 1 1 1 1 1 1 3 1 1 1 1 1 3
        3 1 1 1 1 1 1 3 1 1 1 1 1 3 3
         3 1 1 1 1 1 3 1 1 1 1 1 3 3 3 
          3 1 1 1 1 3 1 1 1 1 1 3 3 3 3
           3 1 1 1 1 1 1 1 1 1 3 3 3 3 3
            3 1 1 1 1 1 1 1 1 3 3 3 3 3 3
             3 1 1 1 1 1 1 1 3 3 3 3 3 3 3
              3 3 3 3 3 3 3 3 3 3 3 3 3 3 3 

lat 23697 2 0.0 0.0 15 15 1.36
3 3 3 3 3 3 3 3 3 3 3 3 3 3 3
 3 3 3 3 3 3 3 1 1 1 1 1 1 1 3
  3 3 3 3 3 3 1 1 1 1 1 1 1 1 3 
   3 3 3 3 3 1 1 1 3 1 1 1 1 1 3 
    3 3 3 3 1 1 1 1 3 1 1 1 1 1 3 
     3 3 3 1 1 1 1 1 3 1 1 1 1 1 3
      3 3 1 1 1 1 1 1 3 1 1 1 1 1 3
       3 1 1 1 1 1 1 1 3 1 1 1 1 1 3
        3 1 1 1 1 1 1 1 3 1 1 1 1 3 3
         3 1 1 1 1 1 1 1 3 1 1 1 3 3 3 
          3 1 1 1 1 1 1 1 1 1 1 3 3 3 3
           3 1 1 1 1 1 1 1 1 1 3 3 3 3 3
            3 1 1 1 1 1 1 1 1 3 3 3 3 3 3
             3 1 1 1 1 1 1 1 3 3 3 3 3 3 3
              3 3 3 3 3 3 3 3 3 3 3 3 3 3 3 

lat 24697 2 0.0 0.0 15 15 1.36
3 3 3 3 3 3 3 3 3 3 3 3 3 3 3
 3 3 3 3 3 3 3 1 1 1 1 1 1 1 3
  3 3 3 3 3 3 1 1 1 1 1 1 1 1 3 
   3 3 3 3 3 1 1 1 1 1 1 1 1 1 3 
    3 3 3 3 1 1 1 1 1 1 1 1 1 1 3 
     3 3 3 1 1 1 1 1 1 1 1 1 1 1 3
      3 3 1 1 3 3 3 3 3 3 3 1 1 1 3
       3 1 1 1 1 1 1 1 1 1 1 1 1 1 3
        3 1 1 1 1 1 1 1 1 1 1 1 1 3 3
         3 1 1 1 1 1 1 1 1 1 1 1 3 3 3 
          3 1 1 1 1 1 1 1 1 1 1 3 3 3 3
           3 1 1 1 1 1 1 1 1 1 3 3 3 3 3
            3 1 1 1 1 1 1 1 1 3 3 3 3 3 3
             3 1 1 1 1 1 1 1 3 3 3 3 3 3 3
              3 3 3 3 3 3 3 3 3 3 3 3 3 3 3 

lat 25697 2 0.0 0.0 15 15 1.36
3 3 3 3 3 3 3 3 3 3 3 3 3 3 3
 3 3 3 3 3 3 3 1 1 1 1 1 1 1 3
  3 3 3 3 3 3 1 1 1 1 1 1 1 1 3 
   3 3 3 3 3 1 1 1 1 1 1 1 1 1 3 
    3 3 3 3 1 1 1 1 1 3 1 1 1 1 3 
     3 3 3 1 1 1 1 1 3 1 1 1 1 1 3
      3 3 1 1 1 1 1 3 1 1 1 1 1 1 3
       3 1 1 1 1 1 3 1 1 1 1 1 1 1 3
        3 1 1 1 1 3 1 1 1 1 1 1 1 3 3
         3 1 1 1 3 1 1 1 1 1 1 1 3 3 3 
          3 1 1 3 1 1 1 1 1 1 1 3 3 3 3
           3 1 1 1 1 1 1 1 1 1 3 3 3 3 3
            3 1 1 1 1 1 1 1 1 3 3 3 3 3 3
             3 1 1 1 1 1 1 1 3 3 3 3 3 3 3
              3 3 3 3 3 3 3 3 3 3 3 3 3 3 3 

lat 26697 2 0.0 0.0 15 15 1.36
3 3 3 3 3 3 3 3 3 3 3 3 3 3 3
 3 3 3 3 3 3 3 1 1 1 1 1 1 1 3
  3 3 3 3 3 3 1 1 1 1 1 1 1 1 3 
   3 3 3 3 3 1 1 1 1 1 1 1 1 1 3 
    3 3 3 3 1 1 3 1 1 1 1 1 1 1 3 
     3 3 3 1 1 1 3 1 1 1 1 1 1 1 3
      3 3 1 1 1 1 3 1 1 1 1 1 1 1 3
       3 1 1 1 1 1 3 1 1 1 1 1 1 1 3
        3 1 1 1 1 1 3 1 1 1 1 1 1 3 3
         3 1 1 1 1 1 3 1 1 1 1 1 3 3 3 
          3 1 1 1 1 1 3 1 1 1 1 3 3 3 3
           3 1 1 1 1 1 1 1 1 1 3 3 3 3 3
            3 1 1 1 1 1 1 1 1 3 3 3 3 3 3
             3 1 1 1 1 1 1 1 3 3 3 3 3 3 3
              3 3 3 3 3 3 3 3 3 3 3 3 3 3 3 

lat 27697 2 0.0 0.0 15 15 1.36
3 3 3 3 3 3 3 3 3 3 3 3 3 3 3
 3 3 3 3 3 3 3 1 1 1 1 1 1 1 3
  3 3 3 3 3 3 1 1 1 1 1 1 1 1 3 
   3 3 3 3 3 1 1 1 1 1 1 1 1 1 3 
    3 3 3 3 1 1 1 1 1 1 1 1 1 1 3 
     3 3 3 1 1 1 1 1 1 1 1 1 1 1 3
      3 3 1 1 1 1 1 1 1 1 1 1 1 1 3
       3 1 1 1 1 1 1 1 1 1 1 1 1 1 3
        3 1 1 3 3 3 3 3 3 3 3 1 1 3 3
         3 1 1 1 1 1 1 1 1 1 1 1 3 3 3 
          3 1 1 1 1 1 1 1 1 1 1 3 3 3 3
           3 1 1 1 1 1 1 1 1 1 3 3 3 3 3
            3 1 1 1 1 1 1 1 1 3 3 3 3 3 3
             3 1 1 1 1 1 1 1 3 3 3 3 3 3 3
              3 3 3 3 3 3 3 3 3 3 3 3 3 3 3 

lat 21190 2 0.68 0.0 15 15 1.36
3 3 3 3 3 3 3 3 3 3 3 3 3 3 3
 3 3 3 3 3 3 3 2 2 2 2 2 2 2 3
  3 3 3 3 3 3 2 2 2 2 2 2 2 2 3 
   3 3 3 3 3 2 2 2 2 2 2 2 2 2 3 
    3 3 3 3 2 2 2 2 2 2 2 2 2 2 3 
     3 3 3 2 2 2 2 2 2 2 2 2 2 2 3
      3 3 2 2 2 2 2 2 2 2 2 2 2 2 3
       3 2 2 2 2 2 2 2 2 2 2 2 2 2 3
        3 2 2 2 2 2 2 2 2 2 2 2 2 3 3
         3 2 2 2 2 2 2 2 2 2 2 2 3 3 3 
          3 2 2 2 2 2 2 2 2 2 2 3 3 3 3
           3 2 2 2 2 2 2 2 2 2 3 3 3 3 3
            3 2 2 2 2 2 2 2 2 3 3 3 3 3 3
             3 2 2 2 2 2 2 2 3 3 3 3 3 3 3
              3 3 3 3 3 3 3 3 3 3 3 3 3 3 3 

lat 21290 2 -0.34 0.5889 15 15 1.36
3 3 3 3 3 3 3 3 3 3 3 3 3 3 3
 3 3 3 3 3 3 3 2 2 2 2 2 2 2 3
  3 3 3 3 3 3 2 2 2 2 2 2 2 2 3 
   3 3 3 3 3 2 2 2 2 2 2 2 2 2 3 
    3 3 3 3 2 2 2 2 2 2 2 2 2 2 3 
     3 3 3 2 2 2 2 2 2 2 2 2 2 2 3
      3 3 2 2 2 2 2 2 2 2 2 2 2 2 3
       3 2 2 2 2 2 2 2 2 2 2 2 2 2 3
        3 2 2 2 2 2 2 2 2 2 2 2 2 3 3
         3 2 2 2 2 2 2 2 2 2 2 2 3 3 3 
          3 2 2 2 2 2 2 2 2 2 2 3 3 3 3
           3 2 2 2 2 2 2 2 2 2 3 3 3 3 3
            3 2 2 2 2 2 2 2 2 3 3 3 3 3 3
             3 2 2 2 2 2 2 2 3 3 3 3 3 3 3
              3 3 3 3 3 3 3 3 3 3 3 3 3 3 3 

lat 21390 2 0.34 0.5889 15 15 1.36
3 3 3 3 3 3 3 3 3 3 3 3 3 3 3
 3 3 3 3 3 3 3 2 2 2 2 2 2 2 3
  3 3 3 3 3 3 2 2 2 2 2 2 2 2 3 
   3 3 3 3 3 2 2 2 2 2 2 2 2 2 3 
    3 3 3 3 2 2 2 2 2 2 2 2 2 2 3 
     3 3 3 2 2 2 2 2 2 2 2 2 2 2 3
      3 3 2 2 2 2 2 2 2 2 2 2 2 2 3
       3 2 2 2 2 2 2 2 2 2 2 2 2 2 3
        3 2 2 2 2 2 2 2 2 2 2 2 2 3 3
         3 2 2 2 2 2 2 2 2 2 2 2 3 3 3 
          3 2 2 2 2 2 2 2 2 2 2 3 3 3 3
           3 2 2 2 2 2 2 2 2 2 3 3 3 3 3
            3 2 2 2 2 2 2 2 2 3 3 3 3 3 3
             3 2 2 2 2 2 2 2 3 3 3 3 3 3 3
              3 3 3 3 3 3 3 3 3 3 3 3 3 3 3 

lat 22190 2 0.68 0.0 15 15 1.36
3 3 3 3 3 3 3 3 3 3 3 3 3 3 3
 3 3 3 3 3 3 3 2 2 2 2 2 2 2 3
  3 3 3 3 3 3 2 2 2 2 2 2 2 2 3 
   3 3 3 3 3 2 2 2 2 2 2 2 2 2 3 
    3 3 3 3 2 2 2 3 2 2 2 2 2 2 3 
     3 3 3 2 2 2 3 2 2 2 2 2 2 2 3
      3 3 2 2 2 3 2 2 2 2 2 2 2 2 3
       3 2 2 2 3 2 2 2 2 2 2 2 2 2 3
        3 2 2 2 3 2 2 2 2 2 2 2 2 3 3
         3 2 2 2 3 2 2 2 2 2 2 2 3 3 3 
          3 2 2 2 3 2 2 2 2 2 2 3 3 3 3
           3 2 2 2 2 2 2 2 2 2 3 3 3 3 3
            3 2 2 2 2 2 2 2 2 3 3 3 3 3 3
             3 2 2 2 2 2 2 2 3 3 3 3 3 3 3
              3 3 3 3 3 3 3 3 3 3 3 3 3 3 3 

lat 23190 2 0.68 0.0 15 15 1.36
3 3 3 3 3 3 3 3 3 3 3 3 3 3 3
 3 3 3 3 3 3 3 2 2 2 2 2 2 2 3
  3 3 3 3 3 3 2 2 2 2 2 2 2 2 3 
   3 3 3 3 3 2 2 2 2 2 2 2 2 2 3 
    3 3 3 3 2 2 2 2 2 3 2 2 2 2 3 
     3 3 3 2 2 2 2 2 2 3 2 2 2 2 3
      3 3 2 2 2 2 2 2 2 3 2 2 2 2 3
       3 2 2 2 2 2 2 2 2 3 2 2 2 2 3
        3 2 2 2 2 2 2 2 3 2 2 2 2 3 3
         3 2 2 2 2 2 2 3 2 2 2 2 3 3 3 
          3 2 2 2 2 2 3 2 2 2 2 3 3 3 3
           3 2 2 2 2 2 2 2 2 2 3 3 3 3 3
            3 2 2 2 2 2 2 2 2 3 3 3 3 3 3
             3 2 2 2 2 2 2 2 3 3 3 3 3 3 3
              3 3 3 3 3 3 3 3 3 3 3 3 3 3 3 

lat 22290 2 -0.34 0.5889 15 15 1.36
3 3 3 3 3 3 3 3 3 3 3 3 3 3 3
 3 3 3 3 3 3 3 2 2 2 2 2 2 2 3
  3 3 3 3 3 3 2 2 2 2 2 2 2 2 3 
   3 3 3 3 3 2 2 2 2 2 2 2 2 2 3 
    3 3 3 3 2 2 2 2 2 2 2 2 2 2 3 
     3 3 3 2 2 2 2 2 2 2 2 2 2 2 3
      3 3 2 2 2 3 2 2 2 2 2 2 2 2 3
       3 2 2 2 2 3 2 2 2 2 2 2 2 2 3
        3 2 2 2 2 3 2 2 2 2 2 2 2 3 3
         3 2 2 2 2 3 3 3 3 2 2 2 3 3 3 
          3 2 2 2 2 2 2 2 2 2 2 3 3 3 3
           3 2 2 2 2 2 2 2 2 2 3 3 3 3 3
            3 2 2 2 2 2 2 2 2 3 3 3 3 3 3
             3 2 2 2 2 2 2 2 3 3 3 3 3 3 3
              3 3 3 3 3 3 3 3 3 3 3 3 3 3 3 

lat 23290 2 -0.34 0.5889 15 15 1.36
3 3 3 3 3 3 3 3 3 3 3 3 3 3 3
 3 3 3 3 3 3 3 2 2 2 2 2 2 2 3
  3 3 3 3 3 3 2 2 2 2 2 2 2 2 3 
   3 3 3 3 3 2 2 2 2 2 2 2 2 2 3 
    3 3 3 3 2 2 2 3 3 3 3 3 2 2 3 
     3 3 3 2 2 2 2 2 2 2 3 2 2 2 3
      3 3 2 2 2 2 2 2 2 2 3 2 2 2 3
       3 2 2 2 2 2 2 2 2 2 3 2 2 2 3
        3 2 2 2 2 2 2 2 2 2 2 2 2 3 3
         3 2 2 2 2 2 2 2 2 2 2 2 3 3 3 
          3 2 2 2 2 2 2 2 2 2 2 3 3 3 3
           3 2 2 2 2 2 2 2 2 2 3 3 3 3 3
            3 2 2 2 2 2 2 2 2 3 3 3 3 3 3
             3 2 2 2 2 2 2 2 3 3 3 3 3 3 3
              3 3 3 3 3 3 3 3 3 3 3 3 3 3 3 

lat 22390 2 0.34 0.5889 15 15 1.36
3 3 3 3 3 3 3 3 3 3 3 3 3 3 3
 3 3 3 3 3 3 3 2 2 2 2 2 2 2 3
  3 3 3 3 3 3 2 2 2 2 2 2 2 2 3 
   3 3 3 3 3 2 2 2 2 2 2 2 2 2 3 
    3 3 3 3 2 2 2 2 2 2 2 2 2 2 3 
     3 3 3 2 2 2 2 2 2 2 2 2 2 2 3
      3 3 2 2 2 2 2 2 2 2 3 2 2 2 3
       3 2 2 2 2 2 2 2 2 3 2 2 2 2 3
        3 2 2 2 2 2 2 2 3 2 2 2 2 3 3
         3 2 2 2 3 3 3 3 2 2 2 2 3 3 3 
          3 2 2 2 2 2 2 2 2 2 2 3 3 3 3
           3 2 2 2 2 2 2 2 2 2 3 3 3 3 3
            3 2 2 2 2 2 2 2 2 3 3 3 3 3 3
             3 2 2 2 2 2 2 2 3 3 3 3 3 3 3
              3 3 3 3 3 3 3 3 3 3 3 3 3 3 3 

lat 23390 2 0.34 0.5889 15 15 1.36
3 3 3 3 3 3 3 3 3 3 3 3 3 3 3
 3 3 3 3 3 3 3 2 2 2 2 2 2 2 3
  3 3 3 3 3 3 2 2 2 2 2 2 2 2 3 
   3 3 3 3 3 2 2 2 2 2 2 2 2 2 3 
    3 3 3 3 2 2 2 3 3 3 3 2 2 2 3 
     3 3 3 2 2 2 3 2 2 2 2 2 2 2 3
      3 3 2 2 2 3 2 2 2 2 2 2 2 2 3
       3 2 2 2 3 2 2 2 2 2 2 2 2 2 3
        3 2 2 2 2 2 2 2 2 2 2 2 2 3 3
         3 2 2 2 2 2 2 2 2 2 2 2 3 3 3 
          3 2 2 2 2 2 2 2 2 2 2 3 3 3 3
           3 2 2 2 2 2 2 2 2 2 3 3 3 3 3
            3 2 2 2 2 2 2 2 2 3 3 3 3 3 3
             3 2 2 2 2 2 2 2 3 3 3 3 3 3 3
              3 3 3 3 3 3 3 3 3 3 3 3 3 3 3 

lat 22690 2 0.0 0.0 15 15 1.36
3 3 3 3 3 3 3 3 3 3 3 3 3 3 3
 3 3 3 3 3 3 3 2 2 2 2 2 2 2 3
  3 3 3 3 3 3 2 2 2 2 2 2 2 2 3 
   3 3 3 3 3 2 2 2 2 2 2 2 2 2 3 
    3 3 3 3 2 2 2 2 2 2 2 3 2 2 3 
     3 3 3 2 2 2 2 2 2 2 3 2 2 2 3
      3 3 2 2 2 2 2 2 2 3 2 2 2 2 3
       3 2 2 2 2 2 2 2 3 2 2 2 2 2 3
        3 2 2 2 2 2 2 3 2 2 2 2 2 3 3
         3 2 2 2 2 2 3 2 2 2 2 2 3 3 3 
          3 2 2 2 2 3 2 2 2 2 2 3 3 3 3
           3 2 2 2 2 2 2 2 2 2 3 3 3 3 3
            3 2 2 2 2 2 2 2 2 3 3 3 3 3 3
             3 2 2 2 2 2 2 2 3 3 3 3 3 3 3
              3 3 3 3 3 3 3 3 3 3 3 3 3 3 3 

lat 23690 2 0.0 0.0 15 15 1.36
3 3 3 3 3 3 3 3 3 3 3 3 3 3 3
 3 3 3 3 3 3 3 2 2 2 2 2 2 2 3
  3 3 3 3 3 3 2 2 2 2 2 2 2 2 3 
   3 3 3 3 3 2 2 2 3 2 2 2 2 2 3 
    3 3 3 3 2 2 2 2 3 2 2 2 2 2 3 
     3 3 3 2 2 2 2 2 3 2 2 2 2 2 3
      3 3 2 2 2 2 2 2 3 2 2 2 2 2 3
       3 2 2 2 2 2 2 2 3 2 2 2 2 2 3
        3 2 2 2 2 2 2 2 3 2 2 2 2 3 3
         3 2 2 2 2 2 2 2 3 2 2 2 3 3 3 
          3 2 2 2 2 2 2 2 2 2 2 3 3 3 3
           3 2 2 2 2 2 2 2 2 2 3 3 3 3 3
            3 2 2 2 2 2 2 2 2 3 3 3 3 3 3
             3 2 2 2 2 2 2 2 3 3 3 3 3 3 3
              3 3 3 3 3 3 3 3 3 3 3 3 3 3 3 

lat 24690 2 0.0 0.0 15 15 1.36
3 3 3 3 3 3 3 3 3 3 3 3 3 3 3
 3 3 3 3 3 3 3 2 2 2 2 2 2 2 3
  3 3 3 3 3 3 2 2 2 2 2 2 2 2 3 
   3 3 3 3 3 2 2 2 2 2 2 2 2 2 3 
    3 3 3 3 2 2 2 2 2 2 2 2 2 2 3 
     3 3 3 2 2 2 2 2 2 2 2 2 2 2 3
      3 3 2 2 3 3 3 3 3 3 3 2 2 2 3
       3 2 2 2 2 2 2 2 2 2 2 2 2 2 3
        3 2 2 2 2 2 2 2 2 2 2 2 2 3 3
         3 2 2 2 2 2 2 2 2 2 2 2 3 3 3 
          3 2 2 2 2 2 2 2 2 2 2 3 3 3 3
           3 2 2 2 2 2 2 2 2 2 3 3 3 3 3
            3 2 2 2 2 2 2 2 2 3 3 3 3 3 3
             3 2 2 2 2 2 2 2 3 3 3 3 3 3 3
              3 3 3 3 3 3 3 3 3 3 3 3 3 3 3 

lat 25690 2 0.0 0.0 15 15 1.36
3 3 3 3 3 3 3 3 3 3 3 3 3 3 3
 3 3 3 3 3 3 3 2 2 2 2 2 2 2 3
  3 3 3 3 3 3 2 2 2 2 2 2 2 2 3 
   3 3 3 3 3 2 2 2 2 2 2 2 2 2 3 
    3 3 3 3 2 2 2 2 2 3 2 2 2 2 3 
     3 3 3 2 2 2 2 2 3 2 2 2 2 2 3
      3 3 2 2 2 2 2 3 2 2 2 2 2 2 3
       3 2 2 2 2 2 3 2 2 2 2 2 2 2 3
        3 2 2 2 2 3 2 2 2 2 2 2 2 3 3
         3 2 2 2 3 2 2 2 2 2 2 2 3 3 3 
          3 2 2 3 2 2 2 2 2 2 2 3 3 3 3
           3 2 2 2 2 2 2 2 2 2 3 3 3 3 3
            3 2 2 2 2 2 2 2 2 3 3 3 3 3 3
             3 2 2 2 2 2 2 2 3 3 3 3 3 3 3
              3 3 3 3 3 3 3 3 3 3 3 3 3 3 3 

lat 26690 2 0.0 0.0 15 15 1.36
3 3 3 3 3 3 3 3 3 3 3 3 3 3 3
 3 3 3 3 3 3 3 2 2 2 2 2 2 2 3
  3 3 3 3 3 3 2 2 2 2 2 2 2 2 3 
   3 3 3 3 3 2 2 2 2 2 2 2 2 2 3 
    3 3 3 3 2 2 3 2 2 2 2 2 2 2 3 
     3 3 3 2 2 2 3 2 2 2 2 2 2 2 3
      3 3 2 2 2 2 3 2 2 2 2 2 2 2 3
       3 2 2 2 2 2 3 2 2 2 2 2 2 2 3
        3 2 2 2 2 2 3 2 2 2 2 2 2 3 3
         3 2 2 2 2 2 3 2 2 2 2 2 3 3 3 
          3 2 2 2 2 2 3 2 2 2 2 3 3 3 3
           3 2 2 2 2 2 2 2 2 2 3 3 3 3 3
            3 2 2 2 2 2 2 2 2 3 3 3 3 3 3
             3 2 2 2 2 2 2 2 3 3 3 3 3 3 3
              3 3 3 3 3 3 3 3 3 3 3 3 3 3 3 

lat 27690 2 0.0 0.0 15 15 1.36
3 3 3 3 3 3 3 3 3 3 3 3 3 3 3
 3 3 3 3 3 3 3 2 2 2 2 2 2 2 3
  3 3 3 3 3 3 2 2 2 2 2 2 2 2 3 
   3 3 3 3 3 2 2 2 2 2 2 2 2 2 3 
    3 3 3 3 2 2 2 2 2 2 2 2 2 2 3 
     3 3 3 2 2 2 2 2 2 2 2 2 2 2 3
      3 3 2 2 2 2 2 2 2 2 2 2 2 2 3
       3 2 2 2 2 2 2 2 2 2 2 2 2 2 3
        3 2 2 3 3 3 3 3 3 3 3 2 2 3 3
         3 2 2 2 2 2 2 2 2 2 2 2 3 3 3 
          3 2 2 2 2 2 2 2 2 2 2 3 3 3 3
           3 2 2 2 2 2 2 2 2 2 3 3 3 3 3
            3 2 2 2 2 2 2 2 2 3 3 3 3 3 3
             3 2 2 2 2 2 2 2 3 3 3 3 3 3 3
              3 3 3 3 3 3 3 3 3 3 3 3 3 3 3 

lat 21193 2 0.68 0.0 15 15 1.36
3 3 3 3 3 3 3 3 3 3 3 3 3 3 3
 3 3 3 3 3 3 3 5 5 5 5 5 5 5 3
  3 3 3 3 3 3 5 5 5 5 5 5 5 5 3 
   3 3 3 3 3 5 5 5 5 5 5 5 5 5 3 
    3 3 3 3 5 5 5 5 5 5 5 5 5 5 3 
     3 3 3 5 5 5 5 5 5 5 5 5 5 5 3
      3 3 5 5 5 5 5 5 5 5 5 5 5 5 3
       3 5 5 5 5 5 5 5 5 5 5 5 5 5 3
        3 5 5 5 5 5 5 5 5 5 5 5 5 3 3
         3 5 5 5 5 5 5 5 5 5 5 5 3 3 3 
          3 5 5 5 5 5 5 5 5 5 5 3 3 3 3
           3 5 5 5 5 5 5 5 5 5 3 3 3 3 3
            3 5 5 5 5 5 5 5 5 3 3 3 3 3 3
             3 5 5 5 5 5 5 5 3 3 3 3 3 3 3
              3 3 3 3 3 3 3 3 3 3 3 3 3 3 3 

lat 21293 2 -0.32 0.5889 15 15 1.36
3 3 3 3 3 3 3 3 3 3 3 3 3 3 3
 3 3 3 3 3 3 3 5 5 5 5 5 5 5 3
  3 3 3 3 3 3 5 5 5 5 5 5 5 5 3 
   3 3 3 3 3 5 5 5 5 5 5 5 5 5 3 
    3 3 3 3 5 5 5 5 5 5 5 5 5 5 3 
     3 3 3 5 5 5 5 5 5 5 5 5 5 5 3
      3 3 5 5 5 5 5 5 5 5 5 5 5 5 3
       3 5 5 5 5 5 5 5 5 5 5 5 5 5 3
        3 5 5 5 5 5 5 5 5 5 5 5 5 3 3
         3 5 5 5 5 5 5 5 5 5 5 5 3 3 3 
          3 5 5 5 5 5 5 5 5 5 5 3 3 3 3
           3 5 5 5 5 5 5 5 5 5 3 3 3 3 3
            3 5 5 5 5 5 5 5 5 3 3 3 3 3 3
             3 5 5 5 5 5 5 5 3 3 3 3 3 3 3
              3 3 3 3 3 3 3 3 3 3 3 3 3 3 3 

lat 21393 2 0.32 0.5889 15 15 1.36
3 3 3 3 3 3 3 3 3 3 3 3 3 3 3
 3 3 3 3 3 3 3 5 5 5 5 5 5 5 3
  3 3 3 3 3 3 5 5 5 5 5 5 5 5 3 
   3 3 3 3 3 5 5 5 5 5 5 5 5 5 3 
    3 3 3 3 5 5 5 5 5 5 5 5 5 5 3 
     3 3 3 5 5 5 5 5 5 5 5 5 5 5 3
      3 3 5 5 5 5 5 5 5 5 5 5 5 5 3
       3 5 5 5 5 5 5 5 5 5 5 5 5 5 3
        3 5 5 5 5 5 5 5 5 5 5 5 5 3 3
         3 5 5 5 5 5 5 5 5 5 5 5 3 3 3 
          3 5 5 5 5 5 5 5 5 5 5 3 3 3 3
           3 5 5 5 5 5 5 5 5 5 3 3 3 3 3
            3 5 5 5 5 5 5 5 5 3 3 3 3 3 3
             3 5 5 5 5 5 5 5 3 3 3 3 3 3 3
              3 3 3 3 3 3 3 3 3 3 3 3 3 3 3 

lat 21693 2 0.0 0.0 15 15 1.36
3 3 3 3 3 3 3 3 3 3 3 3 3 3 3
 3 3 3 3 3 3 3 5 5 5 5 5 5 5 3
  3 3 3 3 3 3 5 5 5 5 5 5 5 5 3 
   3 3 3 3 3 5 5 5 5 5 5 5 5 5 3 
    3 3 3 3 5 5 5 5 5 5 5 5 5 5 3 
     3 3 3 5 5 5 5 5 5 5 5 5 5 5 3
      3 3 5 5 5 5 5 5 5 5 5 5 5 5 3
       3 5 5 5 5 5 5 5 5 5 5 5 5 5 3
        3 5 5 5 5 5 5 5 5 5 5 5 5 3 3
         3 5 5 5 5 5 5 5 5 5 5 5 3 3 3 
          3 5 5 5 5 5 5 5 5 5 5 3 3 3 3
           3 5 5 5 5 5 5 5 5 5 3 3 3 3 3
            3 5 5 5 5 5 5 5 5 3 3 3 3 3 3
             3 5 5 5 5 5 5 5 3 3 3 3 3 3 3
              3 3 3 3 3 3 3 3 3 3 3 3 3 3 3 

lat 22193 2 0.68 0.0 15 15 1.36
3 3 3 3 3 3 3 3 3 3 3 3 3 3 3
 3 3 3 3 3 3 3 5 5 5 5 5 5 5 3
  3 3 3 3 3 3 5 5 5 5 5 5 5 5 3 
   3 3 3 3 3 5 5 5 5 5 5 5 5 5 3 
    3 3 3 3 5 5 5 3 5 5 5 5 5 5 3 
     3 3 3 5 5 5 3 5 5 5 5 5 5 5 3
      3 3 5 5 5 3 5 5 5 5 5 5 5 5 3
       3 5 5 5 3 5 5 5 5 5 5 5 5 5 3
        3 5 5 5 3 5 5 5 5 5 5 5 5 3 3
         3 5 5 5 3 5 5 5 5 5 5 5 3 3 3 
          3 5 5 5 3 5 5 5 5 5 5 3 3 3 3
           3 5 5 5 5 5 5 5 5 5 3 3 3 3 3
            3 5 5 5 5 5 5 5 5 3 3 3 3 3 3
             3 5 5 5 5 5 5 5 3 3 3 3 3 3 3
              3 3 3 3 3 3 3 3 3 3 3 3 3 3 3 

lat 23193 2 0.68 0.0 15 15 1.36
3 3 3 3 3 3 3 3 3 3 3 3 3 3 3
 3 3 3 3 3 3 3 5 5 5 5 5 5 5 3
  3 3 3 3 3 3 5 5 5 5 5 5 5 5 3 
   3 3 3 3 3 5 5 5 5 5 5 5 5 5 3 
    3 3 3 3 5 5 5 5 5 3 5 5 5 5 3 
     3 3 3 5 5 5 5 5 5 3 5 5 5 5 3
      3 3 5 5 5 5 5 5 5 3 5 5 5 5 3
       3 5 5 5 5 5 5 5 5 3 5 5 5 5 3
        3 5 5 5 5 5 5 5 3 5 5 5 5 3 3
         3 5 5 5 5 5 5 3 5 5 5 5 3 3 3 
          3 5 5 5 5 5 3 5 5 5 5 3 3 3 3
           3 5 5 5 5 5 5 5 5 5 3 3 3 3 3
            3 5 5 5 5 5 5 5 5 3 3 3 3 3 3
             3 5 5 5 5 5 5 5 3 3 3 3 3 3 3
              3 3 3 3 3 3 3 3 3 3 3 3 3 3 3 

lat 22293 2 -0.32 0.5889 15 15 1.36
3 3 3 3 3 3 3 3 3 3 3 3 3 3 3
 3 3 3 3 3 3 3 5 5 5 5 5 5 5 3
  3 3 3 3 3 3 5 5 5 5 5 5 5 5 3 
   3 3 3 3 3 5 5 5 5 5 5 5 5 5 3 
    3 3 3 3 5 5 5 5 5 5 5 5 5 5 3 
     3 3 3 5 5 5 5 5 5 5 5 5 5 5 3
      3 3 5 5 5 3 5 5 5 5 5 5 5 5 3
       3 5 5 5 5 3 5 5 5 5 5 5 5 5 3
        3 5 5 5 5 3 5 5 5 5 5 5 5 3 3
         3 5 5 5 5 3 3 3 3 5 5 5 3 3 3 
          3 5 5 5 5 5 5 5 5 5 5 3 3 3 3
           3 5 5 5 5 5 5 5 5 5 3 3 3 3 3
            3 5 5 5 5 5 5 5 5 3 3 3 3 3 3
             3 5 5 5 5 5 5 5 3 3 3 3 3 3 3
              3 3 3 3 3 3 3 3 3 3 3 3 3 3 3 

lat 23293 2 -0.32 0.5889 15 15 1.36
3 3 3 3 3 3 3 3 3 3 3 3 3 3 3
 3 3 3 3 3 3 3 5 5 5 5 5 5 5 3
  3 3 3 3 3 3 5 5 5 5 5 5 5 5 3 
   3 3 3 3 3 5 5 5 5 5 5 5 5 5 3 
    3 3 3 3 5 5 5 3 3 3 3 3 5 5 3 
     3 3 3 5 5 5 5 5 5 5 3 5 5 5 3
      3 3 5 5 5 5 5 5 5 5 3 5 5 5 3
       3 5 5 5 5 5 5 5 5 5 3 5 5 5 3
        3 5 5 5 5 5 5 5 5 5 5 5 5 3 3
         3 5 5 5 5 5 5 5 5 5 5 5 3 3 3 
          3 5 5 5 5 5 5 5 5 5 5 3 3 3 3
           3 5 5 5 5 5 5 5 5 5 3 3 3 3 3
            3 5 5 5 5 5 5 5 5 3 3 3 3 3 3
             3 5 5 5 5 5 5 5 3 3 3 3 3 3 3
              3 3 3 3 3 3 3 3 3 3 3 3 3 3 3 

lat 22393 2 0.32 0.5889 15 15 1.36
3 3 3 3 3 3 3 3 3 3 3 3 3 3 3
 3 3 3 3 3 3 3 5 5 5 5 5 5 5 3
  3 3 3 3 3 3 5 5 5 5 5 5 5 5 3 
   3 3 3 3 3 5 5 5 5 5 5 5 5 5 3 
    3 3 3 3 5 5 5 5 5 5 5 5 5 5 3 
     3 3 3 5 5 5 5 5 5 5 5 5 5 5 3
      3 3 5 5 5 5 5 5 5 5 3 5 5 5 3
       3 5 5 5 5 5 5 5 5 3 5 5 5 5 3
        3 5 5 5 5 5 5 5 3 5 5 5 5 3 3
         3 5 5 5 3 3 3 3 5 5 5 5 3 3 3 
          3 5 5 5 5 5 5 5 5 5 5 3 3 3 3
           3 5 5 5 5 5 5 5 5 5 3 3 3 3 3
            3 5 5 5 5 5 5 5 5 3 3 3 3 3 3
             3 5 5 5 5 5 5 5 3 3 3 3 3 3 3
              3 3 3 3 3 3 3 3 3 3 3 3 3 3 3 

lat 23393 2 0.32 0.5889 15 15 1.36
3 3 3 3 3 3 3 3 3 3 3 3 3 3 3
 3 3 3 3 3 3 3 5 5 5 5 5 5 5 3
  3 3 3 3 3 3 5 5 5 5 5 5 5 5 3 
   3 3 3 3 3 5 5 5 5 5 5 5 5 5 3 
    3 3 3 3 5 5 5 3 3 3 3 5 5 5 3 
     3 3 3 5 5 5 3 5 5 5 5 5 5 5 3
      3 3 5 5 5 3 5 5 5 5 5 5 5 5 3
       3 5 5 5 3 5 5 5 5 5 5 5 5 5 3
        3 5 5 5 5 5 5 5 5 5 5 5 5 3 3
         3 5 5 5 5 5 5 5 5 5 5 5 3 3 3 
          3 5 5 5 5 5 5 5 5 5 5 3 3 3 3
           3 5 5 5 5 5 5 5 5 5 3 3 3 3 3
            3 5 5 5 5 5 5 5 5 3 3 3 3 3 3
             3 5 5 5 5 5 5 5 3 3 3 3 3 3 3
              3 3 3 3 3 3 3 3 3 3 3 3 3 3 3 

lat 22693 2 0.0 0.0 15 15 1.36
3 3 3 3 3 3 3 3 3 3 3 3 3 3 3
 3 3 3 3 3 3 3 5 5 5 5 5 5 5 3
  3 3 3 3 3 3 5 5 5 5 5 5 5 5 3 
   3 3 3 3 3 5 5 5 5 5 5 5 5 5 3 
    3 3 3 3 5 5 5 5 5 5 5 3 5 5 3 
     3 3 3 5 5 5 5 5 5 5 3 5 5 5 3
      3 3 5 5 5 5 5 5 5 3 5 5 5 5 3
       3 5 5 5 5 5 5 5 3 5 5 5 5 5 3
        3 5 5 5 5 5 5 3 5 5 5 5 5 3 3
         3 5 5 5 5 5 3 5 5 5 5 5 3 3 3 
          3 5 5 5 5 3 5 5 5 5 5 3 3 3 3
           3 5 5 5 5 5 5 5 5 5 3 3 3 3 3
            3 5 5 5 5 5 5 5 5 3 3 3 3 3 3
             3 5 5 5 5 5 5 5 3 3 3 3 3 3 3
              3 3 3 3 3 3 3 3 3 3 3 3 3 3 3 

lat 23693 2 0.0 0.0 15 15 1.36
3 3 3 3 3 3 3 3 3 3 3 3 3 3 3
 3 3 3 3 3 3 3 5 5 5 5 5 5 5 3
  3 3 3 3 3 3 5 5 5 5 5 5 5 5 3 
   3 3 3 3 3 5 5 5 3 5 5 5 5 5 3 
    3 3 3 3 5 5 5 5 3 5 5 5 5 5 3 
     3 3 3 5 5 5 5 5 3 5 5 5 5 5 3
      3 3 5 5 5 5 5 5 3 5 5 5 5 5 3
       3 5 5 5 5 5 5 5 3 5 5 5 5 5 3
        3 5 5 5 5 5 5 5 3 5 5 5 5 3 3
         3 5 5 5 5 5 5 5 3 5 5 5 3 3 3 
          3 5 5 5 5 5 5 5 5 5 5 3 3 3 3
           3 5 5 5 5 5 5 5 5 5 3 3 3 3 3
            3 5 5 5 5 5 5 5 5 3 3 3 3 3 3
             3 5 5 5 5 5 5 5 3 3 3 3 3 3 3
              3 3 3 3 3 3 3 3 3 3 3 3 3 3 3 

lat 24693 2 0.0 0.0 15 15 1.36
3 3 3 3 3 3 3 3 3 3 3 3 3 3 3
 3 3 3 3 3 3 3 5 5 5 5 5 5 5 3
  3 3 3 3 3 3 5 5 5 5 5 5 5 5 3 
   3 3 3 3 3 5 5 5 5 5 5 5 5 5 3 
    3 3 3 3 5 5 5 5 5 5 5 5 5 5 3 
     3 3 3 5 5 5 5 5 5 5 5 5 5 5 3
      3 3 5 5 3 3 3 3 3 3 3 5 5 5 3
       3 5 5 5 5 5 5 5 5 5 5 5 5 5 3
        3 5 5 5 5 5 5 5 5 5 5 5 5 3 3
         3 5 5 5 5 5 5 5 5 5 5 5 3 3 3 
          3 5 5 5 5 5 5 5 5 5 5 3 3 3 3
           3 5 5 5 5 5 5 5 5 5 3 3 3 3 3
            3 5 5 5 5 5 5 5 5 3 3 3 3 3 3
             3 5 5 5 5 5 5 5 3 3 3 3 3 3 3
              3 3 3 3 3 3 3 3 3 3 3 3 3 3 3 

lat 25693 2 0.0 0.0 15 15 1.36
3 3 3 3 3 3 3 3 3 3 3 3 3 3 3
 3 3 3 3 3 3 3 5 5 5 5 5 5 5 3
  3 3 3 3 3 3 5 5 5 5 5 5 5 5 3 
   3 3 3 3 3 5 5 5 5 5 5 5 5 5 3 
    3 3 3 3 5 5 5 5 5 3 5 5 5 5 3 
     3 3 3 5 5 5 5 5 3 5 5 5 5 5 3
      3 3 5 5 5 5 5 3 5 5 5 5 5 5 3
       3 5 5 5 5 5 3 5 5 5 5 5 5 5 3
        3 5 5 5 5 3 5 5 5 5 5 5 5 3 3
         3 5 5 5 3 5 5 5 5 5 5 5 3 3 3 
          3 5 5 3 5 5 5 5 5 5 5 3 3 3 3
           3 5 5 5 5 5 5 5 5 5 3 3 3 3 3
            3 5 5 5 5 5 5 5 5 3 3 3 3 3 3
             3 5 5 5 5 5 5 5 3 3 3 3 3 3 3
              3 3 3 3 3 3 3 3 3 3 3 3 3 3 3 

lat 26693 2 0.0 0.0 15 15 1.36
3 3 3 3 3 3 3 3 3 3 3 3 3 3 3
 3 3 3 3 3 3 3 5 5 5 5 5 5 5 3
  3 3 3 3 3 3 5 5 5 5 5 5 5 5 3 
   3 3 3 3 3 5 5 5 5 5 5 5 5 5 3 
    3 3 3 3 5 5 3 5 5 5 5 5 5 5 3 
     3 3 3 5 5 5 3 5 5 5 5 5 5 5 3
      3 3 5 5 5 5 3 5 5 5 5 5 5 5 3
       3 5 5 5 5 5 3 5 5 5 5 5 5 5 3
        3 5 5 5 5 5 3 5 5 5 5 5 5 3 3
         3 5 5 5 5 5 3 5 5 5 5 5 3 3 3 
          3 5 5 5 5 5 3 5 5 5 5 3 3 3 3
           3 5 5 5 5 5 5 5 5 5 3 3 3 3 3
            3 5 5 5 5 5 5 5 5 3 3 3 3 3 3
             3 5 5 5 5 5 5 5 3 3 3 3 3 3 3
              3 3 3 3 3 3 3 3 3 3 3 3 3 3 3 

lat 27693 2 0.0 0.0 15 15 1.36
3 3 3 3 3 3 3 3 3 3 3 3 3 3 3
 3 3 3 3 3 3 3 5 5 5 5 5 5 5 3
  3 3 3 3 3 3 5 5 5 5 5 5 5 5 3 
   3 3 3 3 3 5 5 5 5 5 5 5 5 5 3 
    3 3 3 3 5 5 5 5 5 5 5 5 5 5 3 
     3 3 3 5 5 5 5 5 5 5 5 5 5 5 3
      3 3 5 5 5 5 5 5 5 5 5 5 5 5 3
       3 5 5 5 5 5 5 5 5 5 5 5 5 5 3
        3 5 5 3 3 3 3 3 3 3 3 5 5 3 3
         3 5 5 5 5 5 5 5 5 5 5 5 3 3 3 
          3 5 5 5 5 5 5 5 5 5 5 3 3 3 3
           3 5 5 5 5 5 5 5 5 5 3 3 3 3 3
            3 5 5 5 5 5 5 5 5 3 3 3 3 3 3
             3 5 5 5 5 5 5 5 3 3 3 3 3 3 3
              3 3 3 3 3 3 3 3 3 3 3 3 3 3 3 

% --- Lattice (type = 3, pitch = 8.24456)
lat 100 3  0.0 0.0 5 5 8.24456
17 17 26 21 36
17 33 12 13 22
76 11 10 11 46
32 13 12 23 17
66 31 56 17 17

% --- Lattice (type = 3, pitch = 8.24456)
lat 190 3  0.0 0.0 5 5 8.24456
1790 1790 2690 2190 3690
1790 3390 1290 1390 2290
7690 1190 1090 1190 4690
3290 1390 1290 2390 1790
6690 3190 5690 1790 1790

% --- Lattice (type = 4, pitch unknow)
lat 192 4 0.0 0.0 6
1   0.00 0 4
6   2.50 0 4 4 4 4 4 4
12  5.00 0 4 4 4 4 4 4 4 4 4 4 4 4 
18  7.50 0 4 4 4 4 4 4 4 4 4 4 4 4 4 4 4 4 4 4
24 10.00 0 4 4 4 4 4 4 4 4 4 4 4 4 4 4 4 4 4 4 4 4 4 4 4 4
30 12.50 0 4 4 4 4 4 4 4 4 4 4 4 4 4 4 4 4 4 4 4 4 4 4 4 4 4 4 4 4 4 4 

% --- Lattice (type = 3, pitch = 8.24456)
lat 193 3  0.0 0.0 5 5 8.24456
1793 1793 2693 2193 3693
1793 3393 1293 1393 2293
7693 1193 1093 1193 4693
3293 1393 1293 2393 1793
6693 3193 5693 1793 1793

% --- Lattice (type = 3, pitch = 8.24456)
lat 195 3  0.0 0.0 5 5 8.24456
1795 1795 2695 2195 3695
1795 3395 1295 1395 2295
7695 1195 1095 1195 4695
3295 1395 1295 2395 1795
6695 3195 5695 1795 1795

% --- Lattice (type = 3, pitch = 8.24456)
lat 197 3  0.0 0.0 5 5 8.24456
1797 1797 2697 2197 3697
1797 3397 1297 1397 2297
7697 1197 1097 1197 4697
3297 1397 1297 2397 1797
6697 3197 5697 1797 1797

% --- Lattice (type = 3, pitch = 8.24456)
lat 194 2  0.0 0.0 11 11 4.675
3 3 3 3 3 3 3 3 3 3 3 
 3 3 3 3 3 3 3 3 3 3 3 
  3 3 3 3 3 6 6 6 6 3 3 
   3 3 3 3 6 6 6 6 6 3 3 
    3 3 3 6 6 6 6 6 6 3 3 
     3 3 6 6 6 6 6 6 6 3 3 
      3 3 6 6 6 6 6 6 3 3 3 
       3 3 6 6 6 6 6 3 3 3 3 
        3 3 6 6 6 6 3 3 3 3 3 
         3 3 3 3 3 3 3 3 3 3 3 
          3 3 3 3 3 3 3 3 3 3 3 

lat 300 3 0.0 0.0 5 5 30.1
99 99 99 99 99
  99 99 91 91 99
   99 91 92 91 99
     99 91 91 99 99
      99 99 99 99 99
% lat 300 3 0.0 0.0 21 21 30.1
% 99 99 99 99 99 99 99 99 99 99 99 99 99 99 99 99 99 99 99 99 99 
%   99 99 99 99 99 99 99 99 99 99 99 99 99 99 99 99 99 99 99 99 99 
%    99 99 99 99 99 99 99 99 99 99 99 99 99 99 99 99 99 99 99 99 99 
%      99 99 99 99 99 99 99 99 99 99 99 94 94 94 94 94 94 99 99 99 99 
%        99 99 99 99 99 99 99 99 99 94 93 93 93 93 93 93 93 94 99 99 99 
%         99 99 99 99 99 99 99 99 94 93 93 90 90 90 90 93 93 94 99 99 99 
%           99 99 99 99 99 99 99 94 93 90 90 90 90 90 90 90 93 94 99 99 99 
%            99 99 99 99 99 99 94 93 90 90 95 91 95 91 90 90 93 94 99 99 99 
%              99 99 99 99 99 94 93 90 90 91 91 91 92 95 90 90 93 94 99 99 99 
%               99 99 99 99 94 93 90 90 95 91 95 91 91 91 90 90 93 94 99 99 99 
%                 99 99 99 99 93 93 90 91 92 91 97 95 91 95 90 93 93 99 99 99 99 
%                  99 99 99 94 93 90 90 95 91 95 91 91 91 90 90 93 94 99 99 99 99 
%                    99 99 99 94 93 90 90 91 91 91 92 95 90 90 93 94 99 99 99 99 99 
%                     99 99 99 94 93 90 90 95 91 95 91 90 90 93 94 99 99 99 99 99 99 
%                       99 99 99 94 93 90 90 90 90 90 90 90 93 94 99 99 99 99 99 99 99 
%                        99 99 99 94 93 93 90 90 90 90 93 93 94 99 99 99 99 99 99 99 99 
%                          99 99 99 94 93 93 93 93 93 93 93 94 99 99 99 99 99 99 99 99 99 
%                           99 99 99 99 94 94 94 94 94 94 99 99 99 99 99 99 99 99 99 99 99 
%                             99 99 99 99 99 99 99 99 99 99 99 99 99 99 99 99 99 99 99 99 99 
%                              99 99 99 99 99 99 99 99 99 99 99 99 99 99 99 99 99 99 99 99 99 
%                                99 99 99 99 99 99 99 99 99 99 99 99 99 99 99 99 99 99 99 99 99 

% --- Surfaces (assembly pitch = 14.7 cm):
surf 1  hexyc    0.0  0.0  7.100  % Shroud tube inner radius
surf 2  hexyc    0.0  0.0  7.250  % Shroud tube outer radius
surf 3  hexyc    0.0  0.0  7.350  % Outer boundary
surf 4  hexyc    0.0  0.0  4.050  % Beam tube Outer boundary
surf 5  cylz     0.0  0.0  3.800  % Beam tube Inner Cylinder ID
surf 6  hexyc    0.0  0.0  14.80  % FA can inner flat to flat
surf 7  hexyc    0.0  0.0  15.05  % FA can outer flat to flat
surf 8  hexyc    0.0  0.0  4.12228 % Sub hexagon radius
surf 9  cylz     0.0  0.0  2.600  % Outer cladding of beam tube inside rod
surf 10 cylz     0.0  0.0  2.500  % Inner cladding of beam tube inside rod
surf 11 cylz     0.0  0.0  2.480  % Outer rod inside the beam tube
surf 12 cylz     0.0  0.0  60    % Outer boundary of the whole core
surf 13 hexyc    0.0  0.0  14.55  % Shield assembly inner flat to flat
surf 14 cylz     0.0  0.0  14.80  % Inner assembly cylinder diameter

% --- Cells:
cell 900 0  fill 300 -12
cell 999 0  outside   12
cell 9900 99 void     -7     
cell 9901 99 outside   7
cell 910 91  fill 100 -6        % Pin lattice                 
cell 911 91  struct   -7     6  % Shroud tube                
cell 912 91  outside         7  % Outside world                
cell 950 95  fill 195 -6        % Pin lattice                 
cell 951 95  struct   -7     6  % Shroud tube                
cell 952 95  outside         7  % Outside world                
cell 970 97  fill 197 -6        % Pin lattice                 
cell 971 97  struct   -7     6  % Shroud tube                
cell 972 97  outside         7  % Outside world                
cell 901 90  fill 190 -6        % Pin lattice                 
cell 902 90  struct   -7     6  % Shroud tube                
cell 903 90  outside         7  % Outside world                
cell 921 92  fill 192 -14        % Pin lattice                 
cell 922 92  struct   -7     14  % Shroud tube                
cell 923 92  outside         7  % Outside world          
cell 931 93  fill 193 -6        % Pin lattice                 
cell 932 93  struct   -7     6  % Shroud tube                
cell 933 93  outside         7  % Outside world          
cell 941 94  fill 194 -13        % Pin lattice                 
cell 942 94  struct   -7     13  % Shroud tube                
cell 943 94  outside         7  % Outside world          
cell 100 10 coolant   -8    4  % Outside beam tube
cell 101 10 struct    -4    5  % beam tube clad
cell 102 10 coolant    9   -5  % between beam tube cladding and inside rod 
cell 103 10 struct    -9    10 % cladding of rod inside beam tube 
cell 104 10 void     -10    11 % gap between reflector/absorber and cladding 
cell 105 10 reflector      -11 % reflector
cell 106 10 outside          8 % outside world
cell 110 11 fill 211  -8
cell 111 11 coolant    8
cell 120 12 fill 212  -8
cell 121 12 coolant    8
cell 130 13 fill 213  -8
cell 131 13 coolant    8
cell 170 17 coolant   -8
cell 171 17 coolant    8
cell 210 21 fill 221  -8
cell 211 21 coolant    8
cell 220 22 fill 222  -8
cell 221 22 coolant    8
cell 230 23 fill 223  -8
cell 240 23 coolant    8
cell 260 26 fill 226  -8
cell 261 26 coolant    8
cell 310 31 fill 231  -8
cell 311 31 coolant    8
cell 320 32 fill 232  -8
cell 321 32 coolant    8
cell 330 33 fill 233  -8
cell 331 33 coolant    8
cell 360 36 fill 236  -8
cell 361 36 coolant    8
cell 460 46 fill 246  -8
cell 461 46 coolant    8
cell 560 56 fill 256  -8
cell 561 56 coolant    8
cell 660 66 fill 266  -8
cell 661 66 coolant    8
cell 760 76 fill 276  -8
cell 761 76 coolant    8
cell 10090 1090 coolant   -8    4  % Outside beam tube
cell 10190 1090 struct    -4    5  % beam tube clad
cell 10290 1090 coolant    9   -5  % between beam tube cladding and inside rod 
cell 10390 1090 struct    -9    10 % cladding of rod inside beam tube 
cell 10490 1090 void     -10    11 % gap between reflector/absorber and cladding 
cell 10590 1090 reflector      -11 % reflector
cell 10690 1090 outside          8 % outside world
cell 11090 1190 fill 21190  -8
cell 11190 1190 coolant    8
cell 12090 1290 fill 21290  -8
cell 12190 1290 coolant    8
cell 13090 1390 fill 21390  -8
cell 13190 1390 coolant    8
cell 17090 1790 coolant   -8
cell 17190 1790 coolant    8
cell 21090 2190 fill 22190  -8
cell 21190 2190 coolant    8
cell 22090 2290 fill 22290  -8
cell 22190 2290 coolant    8
cell 23090 2390 fill 22390  -8
cell 24090 2390 coolant    8
cell 26090 2690 fill 22690  -8
cell 26190 2690 coolant    8
cell 31090 3190 fill 23190  -8
cell 31190 3190 coolant    8
cell 32090 3290 fill 23290  -8
cell 32190 3290 coolant    8
cell 33090 3390 fill 23390  -8
cell 33190 3390 coolant    8
cell 36090 3690 fill 23690  -8
cell 36190 3690 coolant    8
cell 46090 4690 fill 24690  -8
cell 46190 4690 coolant    8
cell 56090 5690 fill 25690  -8
cell 56190 5690 coolant    8
cell 66090 6690 fill 26690  -8
cell 66190 6690 coolant    8
cell 76090 7690 fill 27690  -8
cell 76190 7690 coolant    8
cell 10095 1095 coolant   -8    4  % Outside beam tube
cell 10195 1095 struct    -4    5  % beam tube clad
cell 10295 1095 coolant    9   -5  % between beam tube cladding and inside rod 
cell 10395 1095 struct    -9    10 % cladding of rod inside beam tube 
cell 10495 1095 void     -10    11 % gap between reflector/absorber and cladding 
cell 10595 1095 control      -11 % reflector
cell 10695 1095 outside          8 % outside world
cell 11095 1195 fill 21195  -8
cell 11195 1195 coolant    8
cell 12095 1295 fill 21295  -8
cell 12195 1295 coolant    8
cell 13095 1395 fill 21395  -8
cell 13195 1395 coolant    8
cell 17095 1795 coolant   -8
cell 17195 1795 coolant    8
cell 21095 2195 fill 22195  -8
cell 21195 2195 coolant    8
cell 22095 2295 fill 22295  -8
cell 22195 2295 coolant    8
cell 23095 2395 fill 22395  -8
cell 24095 2395 coolant    8
cell 26095 2695 fill 22695  -8
cell 26195 2695 coolant    8
cell 31095 3195 fill 23195  -8
cell 31195 3195 coolant    8
cell 32095 3295 fill 23295  -8
cell 32195 3295 coolant    8
cell 33095 3395 fill 23395  -8
cell 33195 3395 coolant    8
cell 36095 3695 fill 23695  -8
cell 36195 3695 coolant    8
cell 46095 4695 fill 24695  -8
cell 46195 4695 coolant    8
cell 56095 5695 fill 25695  -8
cell 56195 5695 coolant    8
cell 66095 6695 fill 26695  -8
cell 66195 6695 coolant    8
cell 76095 7695 fill 27695  -8
cell 76195 7695 coolant    8
cell 10097 1097 coolant   -8    4  % Outside beam tube
cell 10197 1097 struct    -4    5  % beam tube clad
cell 10297 1097 coolant    9   -5  % between beam tube cladding and inside rod 
cell 10397 1097 struct    -9    10 % cladding of rod inside beam tube 
cell 10497 1097 void     -10    11 % gap between reflector/absorber and cladding 
cell 10597 1097 regulation      -11 % reflector
cell 10697 1097 outside          8 % outside world
cell 11097 1197 fill 21197  -8
cell 11197 1197 coolant    8
cell 12097 1297 fill 21297  -8
cell 12197 1297 coolant    8
cell 13097 1397 fill 21397  -8
cell 13197 1397 coolant    8
cell 17097 1797 coolant   -8
cell 17197 1797 coolant    8
cell 21097 2197 fill 22197  -8
cell 21197 2197 coolant    8
cell 22097 2297 fill 22297  -8
cell 22197 2297 coolant    8
cell 23097 2397 fill 22397  -8
cell 24097 2397 coolant    8
cell 26097 2697 fill 22697  -8
cell 26197 2697 coolant    8
cell 31097 3197 fill 23197  -8
cell 31197 3197 coolant    8
cell 32097 3297 fill 23297  -8
cell 32197 3297 coolant    8
cell 33097 3397 fill 23397  -8
cell 33197 3397 coolant    8
cell 36097 3697 fill 23697  -8
cell 36197 3697 coolant    8
cell 46097 4697 fill 24697  -8
cell 46197 4697 coolant    8
cell 56097 5697 fill 25697  -8
cell 56197 5697 coolant    8
cell 66097 6697 fill 26697  -8
cell 66197 6697 coolant    8
cell 76097 7697 fill 27697  -8
cell 76197 7697 coolant    8
cell 66092 6692 fill 26692  -8
cell 66192 6692 coolant    8
cell 76092 7692 fill 27692  -8
cell 76192 7692 coolant    8
cell 10093 1093 coolant   -8    4  % Outside beam tube
cell 10193 1093 struct    -4    5  % beam tube clad
cell 10293 1093 coolant       -5  % between beam tube cladding and inside rod 
cell 11093 1193 fill 21193  -8
cell 11193 1193 coolant    8
cell 12093 1293 fill 21293  -8
cell 12193 1293 coolant    8
cell 13093 1393 fill 21393  -8
cell 13193 1393 coolant    8
cell 17093 1793 coolant   -8
cell 17193 1793 coolant    8
cell 21093 2193 fill 22193  -8
cell 21193 2193 coolant    8
cell 22093 2293 fill 22293  -8
cell 22193 2293 coolant    8
cell 23093 2393 fill 22393  -8
cell 24093 2393 coolant    8
cell 26093 2693 fill 22693  -8
cell 26193 2693 coolant    8
cell 31093 3193 fill 23193  -8
cell 31193 3193 coolant    8
cell 32093 3293 fill 23293  -8
cell 32193 3293 coolant    8
cell 33093 3393 fill 23393  -8
cell 33193 3393 coolant    8
cell 36093 3693 fill 23693  -8
cell 36193 3693 coolant    8
cell 46093 4693 fill 24693  -8
cell 46193 4693 coolant    8
cell 56093 5693 fill 25693  -8
cell 56193 5693 coolant    8
cell 66093 6693 fill 26693  -8
cell 66193 6693 coolant    8
cell 76093 7693 fill 27693  -8
cell 76193 7693 coolant    8

% --- fuel BoL INN
mat boli   -10.2859
8016.12c        -0.1176472
92235.12c       -0.1544118
92238.12c       -0.727941

% --- fuel BoL OUT
mat bolo   -10.283
8016.12c        -0.1176801
92235.12c       -0.176464
92238.12c       -0.7058559

% --- fuel BoC INN
mat boci   -10.27276
8016.12c        -1.17800E-01
92233.12c       -2.06770E-10
92234.12c       -1.58000E-05
92235.12c       -1.08070E-01
92236.12c       -9.70080E-03
92238.12c       -6.95690E-01
93237.12c       -3.83820E-04
93239.12c       -7.48910E-05
94238.12c       -3.22880E-05
94239.12c       -2.43870E-02
94240.12c       -9.10350E-04
94241.12c       -2.26970E-05
94242.12c       -4.33020E-07
95241.12c       -9.76420E-07
95242.12c       -1.68560E-10
95342.12c       -7.78370E-09
95243.12c       -6.37930E-09
96242.12c       -1.95050E-08
96243.12c       -2.43250E-10
96244.12c       -2.57000E-10
96245.12c       -4.80430E-12
96246.12c       -4.93600E-14
96247.12c       -4.30730E-16
96248.12c       -3.25900E-18
43099.12c       -1.06130E-03
53129.12c       -2.40540E-04
35081.12c       -2.72360E-05
36083.12c       -8.25420E-05
36084.12c       -1.58940E-04
36086.12c       -3.00960E-04
37085.12c       -1.91800E-04
37087.12c       -4.02750E-04
38090.12c       -7.70490E-04
39089.12c       -6.75540E-04
39091.12c       -5.13920E-05
41095.12c       -3.95420E-05
42099.12c       -3.24460E-06
44101.12c       -1.00160E-03
44102.12c       -9.59380E-04
44103.12c       -3.27160E-05
44104.12c       -5.64960E-04
44106.12c       -7.60910E-05
45103.12c       -6.75360E-04
45105.12c       -6.62500E-07
46105.12c       -3.45460E-04
46106.12c       -1.33940E-04
46107.12c       -1.09650E-04
46108.12c       -6.46940E-05
46110.12c       -2.01580E-05
47109.12c       -3.29210E-05
48111.12c       -1.32840E-05
48112.12c       -8.43110E-06
48113.12c       -8.62470E-06
48114.12c       -8.14630E-06
49115.12c       -6.40420E-06
51121.12c       -9.26810E-06
51125.12c       -1.03780E-05
52128.12c       -1.21630E-04
52130.12c       -5.34790E-04
53127.12c       -6.98600E-05
53131.12c       -7.23150E-06
54131.12c       -8.16860E-04
54132.12c       -1.19040E-03
54133.12c       -9.29390E-06
54134.12c       -1.92660E-03
54136.12c       -1.67600E-03
55133.12c       -1.60970E-03
55134.12c       -3.57010E-05
55135.12c       -1.61670E-03
55137.12c       -1.46500E-03
56138.12c       -1.66780E-03
57139.12c       -1.63120E-03
57140.12c       -2.74430E-06
58140.12c       -1.55600E-03
58141.12c       -5.17030E-05
58142.12c       -1.48930E-03
58144.12c       -3.82280E-04
59141.12c       -1.45980E-03
59143.12c       -2.03540E-05
60143.12c       -1.39530E-03
60144.12c       -9.76890E-04
60145.12c       -9.92100E-04
60146.12c       -8.42080E-04
60147.12c       -7.06810E-06
60148.12c       -4.84210E-04
60150.12c       -2.19050E-04
61147.12c       -3.55690E-04
61348.12c       -2.85780E-06
61149.12c       -7.79800E-07
62147.12c       -1.93410E-04
62149.12c       -2.81230E-04
62150.12c       -4.25770E-05
62151.12c       -1.17590E-04
62152.12c       -1.21660E-04
62154.12c       -3.87040E-05
63153.12c       -5.13920E-05
63154.12c       -6.76810E-06
63155.12c       -1.39850E-05
64156.12c       -1.04850E-05
64157.12c       -6.00540E-06
65159.12c       -1.54700E-06
40091.12c       -8.06750E-04
40092.12c       -9.53550E-04
40093.12c       -1.01430E-03
40094.12c       -1.04590E-03
40095.12c       -7.24700E-05
40096.12c       -1.11160E-03
42095.12c       -9.25890E-04
42097.12c       -1.03850E-03
42098.12c       -1.14690E-03
42100.12c       -1.20860E-03

% --- fuel BoC OUT
mat boco   -10.27335
8016.12c        -1.17791E-01
92233.12c       -1.40697E-10
92234.12c       -1.37845E-05
92235.12c       -1.39472E-01
92236.12c       -7.94557E-03
92238.12c       -6.85184E-01
93237.12c       -2.36205E-04
93239.12c       -4.86099E-05
94238.12c       -1.40556E-05
94239.12c       -1.63473E-02
94240.12c       -4.32894E-04
94241.12c       -1.08390E-05
94242.12c       -1.45740E-07
95241.12c       -4.64472E-07
95242.12c       -5.89871E-11
95342.12c       -2.74006E-09
95243.12c       -1.50869E-09
96242.12c       -6.78853E-09
96243.12c       -6.30455E-11
96244.12c       -4.13448E-11
96245.12c       -5.64877E-13
96246.12c       -3.81295E-15
96247.12c       -2.31135E-17
96248.12c       -1.14860E-19
43099.12c       -8.10865E-04
53129.12c       -1.82295E-04
35081.12c       -2.11497E-05
36083.12c       -6.41159E-05
36084.12c       -1.22729E-04
36086.12c       -2.33614E-04
37085.12c       -1.48964E-04
37087.12c       -3.12548E-04
38090.12c       -5.98797E-04
39089.12c       -5.24103E-04
39091.12c       -4.12205E-05
41095.12c       -3.11260E-05
42099.12c       -2.49577E-06
44101.12c       -7.59575E-04
44102.12c       -7.04529E-04
44103.12c       -2.37783E-05
44104.12c       -4.03365E-04
44106.12c       -4.83811E-05
45103.12c       -4.98447E-04
45105.12c       -4.46729E-07
46105.12c       -2.43380E-04
46106.12c       -8.45287E-05
46107.12c       -6.79413E-05
46108.12c       -3.63074E-05
46110.12c       -1.16910E-05
47109.12c       -1.81472E-05
48111.12c       -8.24837E-06
48112.12c       -5.58455E-06
48113.12c       -6.00781E-06
48114.12c       -5.84929E-06
49115.12c       -4.63212E-06
51121.12c       -7.08919E-06
51125.12c       -7.67583E-06
52128.12c       -8.93830E-05
52130.12c       -4.01820E-04
53127.12c       -5.24731E-05
53131.12c       -5.53665E-06
54131.12c       -6.14101E-04
54132.12c       -8.99455E-04
54133.12c       -7.15840E-06
54134.12c       -1.46285E-03
54136.12c       -1.26244E-03
55133.12c       -1.22523E-03
55134.12c       -1.94798E-05
55135.12c       -1.21939E-03
55137.12c       -1.10679E-03
56138.12c       -1.26701E-03
57139.12c       -1.24167E-03
57140.12c       -2.13727E-06
58140.12c       -1.18129E-03
58141.12c       -4.03762E-05
58142.12c       -1.13442E-03
58144.12c       -2.98034E-04
59141.12c       -1.11116E-03
59143.12c       -1.59848E-05
60143.12c       -1.06996E-03
60144.12c       -7.37350E-04
60145.12c       -7.62228E-04
60146.12c       -6.32306E-04
60147.12c       -5.46481E-06
60148.12c       -3.66295E-04
60150.12c       -1.63080E-04
61147.12c       -2.75410E-04
61348.12c       -1.64218E-06
61149.12c       -5.88474E-07
62147.12c       -1.49326E-04
62149.12c       -2.11041E-04
62150.12c       -3.00616E-05
62151.12c       -9.00171E-05
62152.12c       -8.50238E-05
62154.12c       -2.80754E-05
63153.12c       -3.80642E-05
63154.12c       -3.64034E-06
63155.12c       -9.22812E-06
64156.12c       -7.23436E-06
64157.12c       -3.78941E-06
65159.12c       -1.01959E-06
40091.12c       -6.22151E-04
40092.12c       -7.35099E-04
40093.12c       -7.78374E-04
40094.12c       -8.00251E-04
40095.12c       -5.70717E-05
40096.12c       -8.48247E-04
42095.12c       -7.12746E-04
42097.12c       -7.98792E-04
42098.12c       -8.66566E-04
42100.12c       -9.16510E-04

% --- fuel EoC INN
mat eoci   -10.26568
8016.12c        -1.17879E-01
92233.12c       -3.71020E-10
92234.12c       -2.08123E-05
92235.12c       -9.26234E-02
92236.12c       -1.27442E-02
92238.12c       -6.82254E-01
93237.12c       -6.64073E-04
93239.12c       -7.78058E-05
94238.12c       -7.75246E-05
94239.12c       -3.23464E-02
94240.12c       -1.74382E-03
94241.12c       -5.91555E-05
94242.12c       -1.64632E-06
95241.12c       -3.48031E-06
95242.12c       -6.35103E-10
95342.12c       -3.91553E-08
95243.12c       -3.48446E-08
96242.12c       -8.38892E-08
96243.12c       -1.49185E-09
96244.12c       -2.00104E-09
96245.12c       -5.25844E-11
96246.12c       -7.78562E-13
96247.12c       -9.66881E-15
96248.12c       -1.04962E-16
43099.12c       -1.45400E-03
53129.12c       -3.34239E-04
35081.12c       -3.69260E-05
36083.12c       -1.11860E-04
36084.12c       -2.17603E-04
36086.12c       -4.09316E-04
37085.12c       -2.60236E-04
37087.12c       -5.47488E-04
38090.12c       -1.02783E-03
39089.12c       -9.18032E-04
39091.12c       -4.88425E-05
41095.12c       -3.84378E-05
42099.12c       -3.23984E-06
44101.12c       -1.37926E-03
44102.12c       -1.37755E-03
44103.12c       -3.47484E-05
44104.12c       -8.21477E-04
44106.12c       -9.54919E-05
45103.12c       -9.65480E-04
45105.12c       -7.54253E-07
46105.12c       -5.05400E-04
46106.12c       -2.43305E-04
46107.12c       -1.75516E-04
46108.12c       -1.13680E-04
46110.12c       -3.44186E-05
47109.12c       -5.76805E-05
48111.12c       -2.15945E-05
48112.12c       -1.32990E-05
48113.12c       -1.27762E-05
48114.12c       -1.21023E-05
49115.12c       -9.23864E-06
51121.12c       -1.27802E-05
51125.12c       -1.28474E-05
52128.12c       -1.74484E-04
52130.12c       -7.50315E-04
53127.12c       -9.76671E-05
53131.12c       -7.26384E-06
54131.12c       -1.13497E-03
54132.12c       -1.66805E-03
54133.12c       -9.27195E-06
54134.12c       -2.67207E-03
54136.12c       -2.33873E-03
55133.12c       -2.21757E-03
55134.12c       -6.31858E-05
55135.12c       -2.25058E-03
55137.12c       -2.00656E-03
56138.12c       -2.31206E-03
57139.12c       -2.25587E-03
57140.12c       -2.70176E-06
58140.12c       -2.15835E-03
58141.12c       -5.07098E-05
58142.12c       -2.05859E-03
58144.12c       -3.80499E-04
59141.12c       -2.03395E-03
59143.12c       -1.98644E-05
60143.12c       -1.91793E-03
60144.12c       -1.50393E-03
60145.12c       -1.35266E-03
60146.12c       -1.18444E-03
60147.12c       -7.01395E-06
60148.12c       -6.70559E-04
60150.12c       -3.07220E-04
61147.12c       -4.11985E-04
61348.12c       -3.56196E-06
61149.12c       -7.95059E-07
62147.12c       -3.24779E-04
62149.12c       -3.73387E-04
62150.12c       -8.24935E-05
62151.12c       -1.55900E-04
62152.12c       -1.84311E-04
62154.12c       -5.54978E-05
63153.12c       -7.26347E-05
63154.12c       -1.27908E-05
63155.12c       -1.97258E-05
64156.12c       -1.67614E-05
64157.12c       -9.39269E-06
65159.12c       -2.37093E-06
40091.12c       -1.11997E-03
40092.12c       -1.30488E-03
40093.12c       -1.39005E-03
40094.12c       -1.44253E-03
40095.12c       -7.04317E-05
40096.12c       -1.53220E-03
42095.12c       -1.30595E-03
42097.12c       -1.42134E-03
42098.12c       -1.59964E-03
42100.12c       -1.67660E-03

% --- fuel EoC OUT
mat eoco   -10.26826
8016.12c        -1.17849E-01
92233.12c       -2.63008E-10
92234.12c       -1.85764E-05
92235.12c       -1.25783E-01
92236.12c       -1.07834E-02
92238.12c       -6.76310E-01
93237.12c       -4.17898E-04
93239.12c       -5.13586E-05
94238.12c       -3.45632E-05
94239.12c       -2.23033E-02
94240.12c       -8.52233E-04
94241.12c       -2.94573E-05
94242.12c       -5.80476E-07
95241.12c       -1.72669E-06
95242.12c       -2.34155E-10
95342.12c       -1.45570E-08
95243.12c       -8.71143E-09
96242.12c       -3.07269E-08
96243.12c       -4.11959E-10
96244.12c       -3.42822E-10
96245.12c       -6.67458E-12
96246.12c       -6.53370E-14
96247.12c       -5.69714E-16
96248.12c       -4.09093E-18
43099.12c       -1.12812E-03
53129.12c       -2.55854E-04
35081.12c       -2.92179E-05
36083.12c       -8.85818E-05
36084.12c       -1.70863E-04
36086.12c       -3.23793E-04
37085.12c       -2.06121E-04
37087.12c       -4.33049E-04
38090.12c       -8.14870E-04
39089.12c       -7.26048E-04
39091.12c       -4.05822E-05
41095.12c       -3.10348E-05
42099.12c       -2.53568E-06
44101.12c       -1.05955E-03
44102.12c       -1.01241E-03
44103.12c       -2.51952E-05
44104.12c       -5.84178E-04
44106.12c       -5.92856E-05
45103.12c       -7.15737E-04
45105.12c       -5.00574E-07
46105.12c       -3.54343E-04
46106.12c       -1.50017E-04
46107.12c       -1.06931E-04
46108.12c       -6.20651E-05
46110.12c       -1.95134E-05
47109.12c       -3.13163E-05
48111.12c       -1.31212E-05
48112.12c       -8.56604E-06
48113.12c       -8.76282E-06
48114.12c       -8.64368E-06
49115.12c       -6.66895E-06
51121.12c       -9.89685E-06
51125.12c       -9.50805E-06
52128.12c       -1.28155E-04
52130.12c       -5.67750E-04
53127.12c       -7.38836E-05
53131.12c       -5.64495E-06
54131.12c       -8.60069E-04
54132.12c       -1.27305E-03
54133.12c       -7.26645E-06
54134.12c       -2.05196E-03
54136.12c       -1.77788E-03
55133.12c       -1.71031E-03
55134.12c       -3.51749E-05
55135.12c       -1.71339E-03
55137.12c       -1.53129E-03
56138.12c       -1.77683E-03
57139.12c       -1.73857E-03
57140.12c       -2.15142E-06
58140.12c       -1.65763E-03
58141.12c       -4.05372E-05
58142.12c       -1.58792E-03
58144.12c       -3.04734E-04
59141.12c       -1.56871E-03
59143.12c       -1.60014E-05
60143.12c       -1.49346E-03
60144.12c       -1.14881E-03
60145.12c       -1.05674E-03
60146.12c       -8.96449E-04
60147.12c       -5.52893E-06
60148.12c       -5.13235E-04
60150.12c       -2.30415E-04
61147.12c       -3.25671E-04
61348.12c       -2.10608E-06
61149.12c       -6.06650E-07
62147.12c       -2.55985E-04
62149.12c       -2.83294E-04
62150.12c       -5.83468E-05
62151.12c       -1.21503E-04
62152.12c       -1.27674E-04
62154.12c       -4.02506E-05
63153.12c       -5.42491E-05
63154.12c       -7.05275E-06
63155.12c       -1.25279E-05
64156.12c       -1.14476E-05
64157.12c       -5.76987E-06
65159.12c       -1.54292E-06
40091.12c       -8.79453E-04
40092.12c       -1.02289E-03
40093.12c       -1.08342E-03
40094.12c       -1.11919E-03
40095.12c       -5.69387E-05
40096.12c       -1.18499E-03
42095.12c       -1.02264E-03
42097.12c       -1.11108E-03
42098.12c       -1.22035E-03
42100.12c       -1.28564E-03

% --- fuel EoL INN
mat eoli   -10.2451
8016.12c        -1.18116E-01
92233.12c       -8.81194E-10
92234.12c       -3.27140E-05
92235.12c       -6.21790E-02
92236.12c       -1.81962E-02
92238.12c       -6.48771E-01
93237.12c       -1.51772E-03
93239.12c       -7.51872E-05
94238.12c       -3.01567E-04
94239.12c       -4.73910E-02
94240.12c       -4.63273E-03
94241.12c       -2.49806E-04
94242.12c       -1.29660E-05
95241.12c       -2.47408E-05
95242.12c       -4.58322E-09
95342.12c       -4.63688E-07
95243.12c       -4.88952E-07
96242.12c       -7.24380E-07
96243.12c       -2.23231E-08
96244.12c       -4.93086E-08
96245.12c       -2.22132E-09
96246.12c       -5.96319E-11
96247.12c       -1.29376E-12
96248.12c       -2.54458E-14
43099.12c       -2.33051E-03
53129.12c       -5.55148E-04
35081.12c       -5.77665E-05
36083.12c       -1.74913E-04
36084.12c       -3.49746E-04
36086.12c       -6.46827E-04
37085.12c       -4.08463E-04
37087.12c       -8.64142E-04
38090.12c       -1.54541E-03
39089.12c       -1.44794E-03
39091.12c       -4.39733E-05
41095.12c       -3.56699E-05
42099.12c       -3.13584E-06
44101.12c       -2.23790E-03
44102.12c       -2.47355E-03
44103.12c       -3.64409E-05
44104.12c       -1.50613E-03
44106.12c       -1.26205E-04
45103.12c       -1.68503E-03
45105.12c       -8.42069E-07
46105.12c       -9.29558E-04
46106.12c       -6.32086E-04
46107.12c       -3.76567E-04
46108.12c       -2.91089E-04
46110.12c       -8.20679E-05
47109.12c       -1.40672E-04
48111.12c       -4.74832E-05
48112.12c       -2.92328E-05
48113.12c       -2.43158E-05
48114.12c       -2.33584E-05
49115.12c       -1.66000E-05
51121.12c       -2.08038E-05
51125.12c       -1.64923E-05
52128.12c       -3.11475E-04
52130.12c       -1.27677E-03
53127.12c       -1.63790E-04
53131.12c       -7.01982E-06
54131.12c       -1.87825E-03
54132.12c       -2.83465E-03
54133.12c       -8.92880E-06
54134.12c       -4.42801E-03
54136.12c       -3.93268E-03
55133.12c       -3.59943E-03
55134.12c       -1.40034E-04
55135.12c       -3.75910E-03
55137.12c       -3.21974E-03
56138.12c       -3.82944E-03
57139.12c       -3.71390E-03
57140.12c       -2.55729E-06
58140.12c       -3.57748E-03
58141.12c       -4.77017E-05
58142.12c       -3.38411E-03
58144.12c       -3.49630E-04
59141.12c       -3.35948E-03
59143.12c       -1.86232E-05
60143.12c       -3.08904E-03
60144.12c       -2.77627E-03
60145.12c       -2.14729E-03
60146.12c       -2.03304E-03
60147.12c       -6.76763E-06
60148.12c       -1.10653E-03
60150.12c       -5.21943E-04
61147.12c       -4.60338E-04
61348.12c       -4.09015E-06
61149.12c       -7.93576E-07
62147.12c       -6.57716E-04
62149.12c       -5.53642E-04
62150.12c       -2.25634E-04
62151.12c       -2.33378E-04
62152.12c       -3.63933E-04
62154.12c       -9.88106E-05
63153.12c       -1.25934E-04
63154.12c       -3.30657E-05
63155.12c       -3.52128E-05
64156.12c       -3.67982E-05
64157.12c       -1.94654E-05
65159.12c       -4.64527E-06
40091.12c       -1.80922E-03
40092.12c       -2.09462E-03
40093.12c       -2.23810E-03
40094.12c       -2.36136E-03
40095.12c       -6.54485E-05
40096.12c       -2.50200E-03
42095.12c       -2.14404E-03
42097.12c       -2.27841E-03
42098.12c       -2.68892E-03
42100.12c       -2.77844E-03

% --- fuel EoL OUT
mat eolo   -10.25355
8016.12c        -1.18018E-01
92233.12c       -6.69648E-10
92234.12c       -2.94904E-05
92235.12c       -9.62291E-02
92236.12c       -1.65909E-02
92238.12c       -6.53810E-01
93237.12c       -1.02404E-03
93239.12c       -5.05439E-05
94238.12c       -1.44599E-04
94239.12c       -3.48082E-02
94240.12c       -2.39998E-03
94241.12c       -1.35368E-04
94242.12c       -5.00206E-06
95241.12c       -1.34765E-05
95242.12c       -1.85783E-09
95342.12c       -1.93128E-07
95243.12c       -1.36077E-07
96242.12c       -2.92654E-07
96243.12c       -6.98887E-09
96244.12c       -9.50652E-09
96245.12c       -3.25270E-10
96246.12c       -5.81897E-12
96247.12c       -9.04684E-14
96248.12c       -1.18491E-15
43099.12c       -1.86043E-03
53129.12c       -4.31861E-04
35081.12c       -4.73810E-05
36083.12c       -1.43721E-04
36084.12c       -2.82971E-04
36086.12c       -5.30091E-04
37085.12c       -3.35888E-04
37087.12c       -7.08357E-04
38090.12c       -1.27259E-03
39089.12c       -1.18716E-03
39091.12c       -3.75301E-05
41095.12c       -2.93007E-05
42099.12c       -2.45678E-06
44101.12c       -1.76005E-03
44102.12c       -1.81151E-03
44103.12c       -2.59258E-05
44104.12c       -1.06110E-03
44106.12c       -7.65317E-05
45103.12c       -1.25696E-03
45105.12c       -5.45934E-07
46105.12c       -6.48126E-04
46106.12c       -3.75912E-04
46107.12c       -2.26875E-04
46108.12c       -1.54272E-04
46110.12c       -4.58203E-05
47109.12c       -7.65370E-05
48111.12c       -2.83605E-05
48112.12c       -1.78224E-05
48113.12c       -1.61471E-05
48114.12c       -1.64818E-05
49115.12c       -1.19320E-05
51121.12c       -1.64691E-05
51125.12c       -1.21444E-05
52128.12c       -2.27663E-04
52130.12c       -9.74938E-04
53127.12c       -1.25414E-04
53131.12c       -5.46367E-06
54131.12c       -1.43896E-03
54132.12c       -2.19684E-03
54133.12c       -7.01342E-06
54134.12c       -3.46211E-03
54136.12c       -3.02963E-03
55133.12c       -2.84140E-03
55134.12c       -8.07206E-05
55135.12c       -2.90202E-03
55137.12c       -2.49461E-03
56138.12c       -2.99700E-03
57139.12c       -2.92065E-03
57140.12c       -2.05247E-06
58140.12c       -2.79831E-03
58141.12c       -3.85177E-05
58142.12c       -2.66509E-03
58144.12c       -2.89152E-04
59141.12c       -2.65095E-03
59143.12c       -1.51627E-05
60143.12c       -2.47278E-03
60144.12c       -2.17033E-03
60145.12c       -1.73014E-03
60146.12c       -1.55430E-03
60147.12c       -5.34134E-06
60148.12c       -8.63363E-04
60150.12c       -3.95577E-04
61147.12c       -3.75216E-04
61348.12c       -2.50276E-06
61149.12c       -6.01979E-07
62147.12c       -5.43188E-04
62149.12c       -4.28899E-04
62150.12c       -1.59971E-04
62151.12c       -1.87679E-04
62152.12c       -2.48567E-04
62154.12c       -7.14503E-05
63153.12c       -9.54712E-05
63154.12c       -1.91292E-05
63155.12c       -2.05435E-05
64156.12c       -2.46714E-05
64157.12c       -1.15219E-05
65159.12c       -3.01304E-06
40091.12c       -1.47096E-03
40092.12c       -1.69190E-03
40093.12c       -1.79277E-03
40094.12c       -1.87529E-03
40095.12c       -5.37262E-05
40096.12c       -1.97912E-03
42095.12c       -1.73608E-03
42097.12c       -1.83460E-03
42098.12c       -2.08019E-03
42100.12c       -2.16903E-03

% --- Water:
mat water   -0.7207  moder lwtr 1001
 1001.12c    2.0
 8016.12c    1.0

% --- coolant:
mat coolant -11.066
82204.12c       -0.01399790
82206.12c       -0.24096385
82207.12c       -0.22096685
82208.12c       -0.52392140
47107.12c       -0.00000518
47109.12c       -0.00000482
29063.12c       -0.00000692
29065.12c       -0.00000309
30000.12c       -0.00001000
% 30064.12c       -0.00000486
% 30066.12c       -0.00000279
% 30067.12c       -0.00000041
% 30068.12c       -0.00000188
% 30070.12c       -0.00000006
83209.12c       -0.00006000
33075.12c       -0.00000500
50112.12c       -0.00000005
50114.12c       -0.00000003
50115.12c       -0.00000002
50116.12c       -0.00000073
50117.12c       -0.00000038
50118.12c       -0.00000121
50119.12c       -0.00000043
50120.12c       -0.00000163
50122.12c       -0.00000023
50124.12c       -0.00000029
51121.12c       -0.00000574
51123.12c       -0.00000426
12024.12c       -0.00000790
12025.12c       -0.00000100
12026.12c       -0.00000110
26054.12c       -0.00000058
26056.12c       -0.00000917
26057.12c       -0.00000022
26058.12c       -0.00000003
20040.12c       -0.00000969
20042.12c       -0.00000006
20043.12c       -0.00000001
20044.12c       -0.00000021
20046.12c       -0.00000000
20048.12c       -0.00000002
11023.12c       -0.00001000

% --- structure:
mat struct      -7.9720
6012.12c        -0.00090
14028.12c       -0.00850
23051.12c       -0.00030
24053.12c       -0.14500
25055.12c       -0.01500
26056.12c       -0.65354
28058.12c       -0.15500
41093.12c       -0.00015
42096.12c       -0.01500
22048.12c       -0.00400
5011.12c        -0.00006
15031.12c       -0.00045
7014.12c        -0.00015
16032.12c       -0.00015
13027.12c       -0.00015
40091.12c       -0.00030
74184.12c       -0.00030
73181.12c       -0.00015
29063.12c       -0.00030
27059.12c       -0.00030
20040.12c       -0.00030

% --- reflector YSZ 8mol%
mat reflector -6.10
39089.12c   -0.108232898
8016.12c    -0.253200866
40090.12c   -0.324134105
40091.12c   -0.071471203
40092.12c   -0.110445695
40094.12c   -0.114360084
40096.12c   -0.018815948

% --- regulation %19.9 B4C
mat regulation -2.4206
5010.12c             -0.144164
5011.12c             -0.638305
6012.12c             -0.217531

% --- control %42.0 B4C
mat control -2.3820
5010.12c             -0.309216
5011.12c             -0.469713
6012.12c             -0.221071

% --- safety %90.0 B4C
mat safety -2.2982
5010.12c             -0.686879
5011.12c             -0.083952
6012.12c             -0.229169

% --- borated steel, for shield
mat borated -7.815
6012.12c  -0.00008
14028.12c -0.0041
25055.12c -0.0166
15031.12c -0.00010
16032.12c -0.00003
24053.12c -0.19380
28058.12c -0.10110
42096.12c -0.00600
5011.12c  -0.01
26056.12c -0.66819

% --- Thermal scattering data for light water:
therm lwtr lwj3.11t

% --- Cross section library file path:
set acelib "/cm/shared/apps/ncsu/SERPENT/xsdata/endfb7/sss_endfb7u.xsdata"

% --- Periodic boundary condition:
set bc 1

% --- Neutron population and criticality cycles:
set pop 8000 500 50

% --- Geometry and mesh plots:
plot 3 10000 10000
mesh 3 500 500

% % --- Detector energy grid (uniform lethargy):
% ene 1 3 1000 1E-9 12.0
% 
% % --- Flux per lethargy:
% det 1 de 1 dt -3
% 
% % --- Differential capture, fission and production spectra:
% det 2 de 1 dt -2 dr -2 void
% det 3 de 1 dt -2 dr -6 void
% det 4 de 1 dt -2 dr -7 void
% 
% % --- Integral capture, fission and production spectra:
% det 5 de 1 dt -1 dr -2 void
% det 6 de 1 dt -1 dr -6 void
% det 7 de 1 dt -1 dr -7 void

% --- Sensitivity analysis
% --- energy grid definition
ene ecco33 4 nj19     %use pre-defined grid ecco-33

% sens pert custom test1 zailist 50110  realist ela inl nxn capt
% sens pert custom test2 zailist 60120  realist ela inl capt
% % there's no 70140 N14 
% sens pert custom test4 zailist 80160  realist ela inl nxn capt
% sens pert custom test5 zailist 110230 realist ela inl nxn capt % there's P1ELAS in COMMARA2.0
% sens pert custom test6 zailist 120240 realist ela inl nxn capt % 12000 is in fact used in materials
% sens pert custom test7 zailist 120250 realist ela inl nxn capt
% sens pert custom test8 zailist 120260 realist ela inl nxn capt
% sens pert custom test9 zailist 130270 realist ela inl nxn capt
% sens pert custom test10 zailist 140280 realist ela inl nxn capt
% sens pert custom test11 zailist 240530 realist ela inl nxn capt
% sens pert custom test12 zailist 250550 realist ela inl nxn capt
% sens pert custom test13 zailist 260540 realist ela inl nxn capt % 26000 and 26056 are both used
% sens pert custom test14 zailist 260560 realist ela inl nxn capt
% sens pert custom test15 zailist 2605l0 realist ela inl nxn capt
% sens pert custom test16 zailist 280580 realist ela inl nxn capt
% % there're no Cu,Zn,As,Br,Kr,Rb,Sr,Y
% sens pert custom test18 zailist 400900 realist ela inl nxn capt % 40000, 40091-40096 are all used
% sens pert custom test19 zailist 400910 realist ela inl nxn capt
% sens pert custom test20 zailist 400920 realist ela inl nxn capt
% sens pert custom test21 zailist 400930 realist ela inl nxn capt
% sens pert custom test22 zailist 400940 realist ela inl nxn capt
% sens pert custom test23 zailist 400950 realist ela inl nxn capt
% sens pert custom test24 zailist 400960 realist ela inl nxn capt
% sens pert custom test25 zailist 410950 realist ela inl nxn capt % there's no 41093 but used in materials
% sens pert custom test26 zailist 420950 realist ela inl nxn capt % there're 92,94 but not used, no 99 but used in materials
% sens pert custom test27 zailist 420960 realist ela inl nxn capt
% sens pert custom test28 zailist 420970 realist ela inl nxn capt
% sens pert custom test29 zailist 420980 realist ela inl nxn capt
% sens pert custom test30 zailist 421000 realist ela inl nxn capt
% sens pert custom test31 zailist 430990 realist ela inl nxn capt
% sens pert custom test32 zailist 441010 realist ela inl nxn capt
% sens pert custom test33 zailist 441020 realist ela inl nxn capt
% sens pert custom test34 zailist 441030 realist ela inl nxn capt
% sens pert custom test35 zailist 441040 realist ela inl nxn capt
% sens pert custom test36 zailist 441060 realist ela inl nxn capt
% sens pert custom test37 zailist 451030 realist ela inl nxn capt % there's no 105 but used
% sens pert custom test38 zailist 461050 realist ela inl nxn capt % there's no 110 but used
% sens pert custom test39 zailist 461060 realist ela inl nxn capt
% sens pert custom test40 zailist 461070 realist ela inl nxn capt
% sens pert custom test41 zailist 461080 realist ela inl nxn capt
% sens pert custom test42 zailist 471090 realist ela inl nxn capt % there's no 47000 but used 
% sens pert custom test43 zailist 531270 realist ela inl nxn capt % there's no 53131 but used 
% sens pert custom test44 zailist 531290 realist ela inl nxn capt
% sens pert custom test45 zailist 541310 realist ela inl nxn capt % there're no 54133,54136 but used 
% sens pert custom test46 zailist 541320 realist ela inl nxn capt
% sens pert custom test47 zailist 541340 realist ela inl nxn capt
% sens pert custom test48 zailist 551330 realist ela inl nxn capt % there're no 55134,55137 but used 
% sens pert custom test49 zailist 551350 realist ela inl nxn capt
% sens pert custom test50 zailist 571390 realist ela inl nxn capt % there's no 57140 but used 
% sens pert custom test51 zailist 581410 realist ela inl nxn capt % there're no 58140,58142,58144 but used 
% sens pert custom test52 zailist 591410 realist ela inl nxn capt % there's no 59143 but used 
% sens pert custom test53 zailist 601430 realist ela inl nxn capt % there're no 60144,60147,60150 but used 
% sens pert custom test54 zailist 601450 realist ela inl nxn capt
% sens pert custom test55 zailist 601460 realist ela inl nxn capt
% sens pert custom test56 zailist 601480 realist ela inl nxn capt
% sens pert custom test57 zailist 611470 realist ela inl nxn capt % there're no 61148,61149 but used 
% sens pert custom test58 zailist 621490 realist ela inl nxn capt % there're no 62147,62150,62154 but used 
% sens pert custom test59 zailist 621510 realist ela inl nxn capt 
% sens pert custom test60 zailist 621520 realist ela inl nxn capt 
% sens pert custom test61 zailist 631530 realist ela inl nxn capt % there's no 63154 but used 
% sens pert custom test62 zailist 631550 realist ela inl nxn capt 
% sens pert custom test63 zailist 641560 realist ela inl nxn capt % there're 64155,64158,64160 but not used 
% sens pert custom test64 zailist 641570 realist ela inl nxn capt 
% % there're no Tb, Ta,W but used in materials
% sens pert custom test66 zailist 822040 realist ela inl nxn capt % 82000 is in fact used in materials
% sens pert custom test67 zailist 822060 realist ela inl nxn capt
% sens pert custom test68 zailist 822070 realist ela inl nxn capt
% sens pert custom test69 zailist 822080 realist ela inl nxn capt
% sens pert custom test70 zailist 832090 realist ela inl nxn capt
% sens pert custom test71 zailist 922330 realist ela inl nxn capt fiss
% sens pert custom test72 zailist 922340 realist ela inl nxn capt fiss
% sens pert custom test73 zailist 922350 realist ela inl nxn capt fiss
% sens pert custom test74 zailist 922360 realist ela inl nxn capt fiss
% sens pert custom test75 zailist 922380 realist ela inl nxn capt fiss
% sens pert custom test76 zailist 932370 realist ela inl nxn capt fiss % there's no 93239 but used in materials
% sens pert custom test77 zailist 942380 realist ela inl nxn capt fiss
% sens pert custom test78 zailist 942390 realist ela inl nxn capt fiss
% sens pert custom test79 zailist 942400 realist ela inl nxn capt fiss
% sens pert custom test80 zailist 942410 realist ela inl nxn capt fiss
% sens pert custom test81 zailist 942420 realist ela inl nxn capt fiss
% sens pert custom test82 zailist 952410 realist ela inl nxn capt fiss % there's no Am-242g(952420) but used
% sens pert custom test83 zailist 952421 realist ela inl nxn capt fiss
% sens pert custom test84 zailist 952430 realist ela inl nxn capt fiss
% sens pert custom test85 zailist 962420 realist ela inl nxn capt fiss % there're no 96247,96248 but used
% sens pert custom test86 zailist 962430 realist ela inl nxn capt fiss
% sens pert custom test87 zailist 962440 realist ela inl nxn capt fiss
% sens pert custom test88 zailist 962450 realist ela inl nxn capt fiss
% sens pert custom test89 zailist 962460 realist ela inl nxn capt fiss
% 
% --- adding perturbations
sens pert xs       all
sens pert chi      1
sens pert nubar    1
sens pert eleg     1
sens pert zailist  all

% --- energy grid for scoring
sens opt egrid ecco33  %use pre-defined grid: ecco 33-group structure

% --- response function
sens resp keff 1         %sensitivity for keff

% --- event bank size
set nbuf 10 10000          %set neutron buffer size of 5 and event bank size of 5000  ???  collison number of 5000

