 367
 371
 384
 398
 402
 379
 372
 383
 30
 381
 403
 344
 103
 92
 340
 94
 82
 79
 337
 378
 369
 380
 368
 341
 80
 336
 373
 339
 100
 345
 175
 112
 171
 377
 343
 332
 124
 33
 405
 116
 101
 115
 239
 399
 375
 335
 155
 195
 86
 409
 159
 95
 390
 263
 279
 119
 151
 199
 410
 108
 83
 259
 156
 243
 111
 91
 120
 385
 347
 275
 252
 132
 31
 382
 283
 196
 400
 127
 179
 168
 227
 148
 256
 160
 412
 153
 389
 255
 260
 228
 152
 123
 163
 416
 240
 237
 346
 207
 261
 161
 264
 232
 135
 128
 109
 386
 291
 125
 276
 374
 391
 187
 167
 117
 192
 265
 223
 236
 177
 188
 165
 333
 231
 284
 169
 247
 203
 348
 267
 172
 395
 370
 225
 244
 219
 149
 220
 200
 287
 173
 215
 285
 407
 271
 121
 133
 229
 241
 113
 257
 280
 176
 185
 245
 157
 338
 248
 272
 60
 281
 224
 413
 253
 208
 277
 269
 164
 184
 268
 197
 235
 136
 288
 62
 295
 84
 342
 189
 292
 387
 396
 414
 204
 205
 233
 362
 406
 211
 221
 307
 183
 55
 131
 417
 300
 181
 19
 137
 193
 129
 401
 180
 51
 420
 139
 216
 212
 42
 43
 251
 44
 38
 363
 191
 56
 39
 303
 93
 392
 334
 217
 209
 425
 201
 81
 87
 305
 361
 174
 238
 150
 428
 198
 262
 122
 96
 126
 134
 365
 293
 170
 47
 162
 166
 431
 249
 304
 289
 393
 58
 213
 349
 110
 419
 282
 437
 20
 246
 59
 273
 48
 114
 154
 226
 426
 258
 41
 366
 376
 429
 301
 266
 158
 404
 411
 397
 1
 2
 3
 4
 5
 6
 7
 8
 9
 10
 11
 12
 13
 14
 15
 16
 17
 18
 21
 22
 23
 24
 25
 26
 27
 28
 29
 32
 34
 35
 36
 37
 40
 45
 46
 49
 50
 52
 53
 54
 57
 61
 63
 64
 65
 66
 67
 68
 69
 70
 71
 72
 73
 74
 75
 76
 77
 78
 85
 88
 89
 90
 97
 98
 99
 102
 104
 105
 106
 107
 118
 130
 138
 140
 141
 142
 143
 144
 145
 146
 147
 178
 182
 186
 190
 194
 202
 206
 210
 214
 218
 222
 230
 234
 242
 250
 254
 270
 274
 278
 286
 290
 294
 296
 297
 298
 299
 302
 306
 308
 309
 310
 311
 312
 313
 314
 315
 316
 317
 318
 319
 320
 321
 322
 323
 324
 325
 326
 327
 328
 329
 330
 331
 350
 351
 352
 353
 354
 355
 356
 357
 358
 359
 360
 364
 388
 394
 408
 415
 418
 421
 422
 423
 424
 427
 430
 432
 433
 434
 435
 436
 438
 439
 440
 441
 442
 443
 444
 445
 446
 447
 448
 449
 450
 451
 452
 453
 454
 455
 456
 457
 458
 459
 460
 461
 462
 463
 464
 465
 466
 467
 468
 469
 470
 471
