 371
 380
 383
 370
 81
 378
 29
 402
 379
 102
 32
 367
 93
 366
 91
 376
 401
 336
 339
 368
 340
 343
 374
 382
 78
 344
 335
 331
 346
 90
 342
 377
 99
 397
 100
 334
 238
 174
 158
 154
 242
 278
 85
 82
 79
 123
 338
 114
 170
 258
 262
 399
 195
 94
 282
 150
 403
 107
 115
 110
 131
 260
 372
 198
 111
 373
 118
 381
 171
 244
 194
 243
 274
 168
 275
 263
 398
 404
 178
 276
 280
 30
 409
 167
 122
 226
 389
 252
 255
 251
 155
 58
 290
 254
 119
 183
 152
 284
 124
 126
 206
 120
 408
 345
 227
 196
 191
 159
 231
 230
 406
 236
 222
 228
 202
 163
 413
 219
 160
 239
 151
 172
 332
 264
 147
 283
 176
 246
 164
 240
 199
 224
 271
 259
 235
 405
 108
 272
 266
 83
 268
 116
 162
 214
 337
 388
 223
 294
 412
 134
 127
 184
 234
 218
 186
 188
 207
 385
 410
 187
 291
 247
 135
 175
 267
 386
 112
 166
 270
 132
 156
 148
 286
 203
 215
 61
 182
 416
 347
 395
 192
 210
 287
 341
 390
 256
 179
 384
 54
 369
 232
 212
 130
 279
 128
 37
 180
 55
 204
 42
 400
 138
 200
 391
 211
 220
 394
 46
 50
 415
 361
 190
 419
 59
 392
 92
 396
 300
 299
 250
 38
 121
 364
 216
 304
 424
 288
 362
 169
 303
 136
 41
 18
 411
 292
 248
 306
 43
 57
 333
 133
 173
 161
 149
 302
 265
 208
 261
 430
 237
 86
 95
 197
 125
 165
 281
 113
 109
 80
 245
 418
 360
 257
 348
 153
 427
 19
 436
 375
 425
 365
 47
 225
 40
 428
 157
 0
 1
 2
 3
 4
 5
 6
 7
 8
 9
 10
 11
 12
 13
 14
 15
 16
 17
 20
 21
 22
 23
 24
 25
 26
 27
 28
 31
 33
 34
 35
 36
 39
 44
 45
 48
 49
 51
 52
 53
 56
 60
 62
 63
 64
 65
 66
 67
 68
 69
 70
 71
 72
 73
 74
 75
 76
 77
 84
 87
 88
 89
 96
 97
 98
 101
 103
 104
 105
 106
 117
 129
 137
 139
 140
 141
 142
 143
 144
 145
 146
 177
 181
 185
 189
 193
 201
 205
 209
 213
 217
 221
 229
 233
 241
 249
 253
 269
 273
 277
 285
 289
 293
 295
 296
 297
 298
 301
 305
 307
 308
 309
 310
 311
 312
 313
 314
 315
 316
 317
 318
 319
 320
 321
 322
 323
 324
 325
 326
 327
 328
 329
 330
 349
 350
 351
 352
 353
 354
 355
 356
 357
 358
 359
 363
 387
 393
 407
 414
 417
 420
 421
 422
 423
 426
 429
 431
 432
 433
 434
 435
 437
 438
 439
 440
 441
 442
 443
 444
 445
 446
 447
 448
 449
 450
 451
 452
 453
 454
 455
 456
 457
 458
 459
 460
 461
 462
 463
 464
 465
 466
 467
 468
 469
 470
