 440
 454
 457
 439
 119
 451
 441
 449
 44
 485
 153
 48
 139
 432
 136
 447
 484
 394
 442
 397
 437
 398
 401
 445
 456
 114
 402
 393
 135
 389
 404
 450
 400
 150
 448
 149
 477
 458
 392
 293
 229
 213
 209
 134
 297
 482
 333
 479
 154
 126
 121
 436
 433
 178
 396
 116
 169
 225
 434
 313
 317
 250
 141
 337
 205
 488
 162
 170
 165
 186
 315
 443
 253
 478
 166
 444
 173
 226
 299
 249
 298
 329
 223
 115
 330
 455
 318
 489
 486
 233
 331
 335
 452
 46
 487
 497
 222
 491
 177
 281
 465
 307
 494
 310
 306
 210
 79
 345
 122
 309
 174
 238
 207
 339
 179
 181
 261
 175
 140
 496
 490
 403
 282
 251
 246
 214
 286
 285
 291
 277
 283
 257
 218
 503
 274
 215
 294
 206
 227
 390
 319
 481
 124
 202
 338
 231
 301
 219
 295
 254
 279
 326
 314
 290
 163
 327
 321
 323
 171
 217
 453
 269
 395
 464
 278
 349
 502
 189
 182
 239
 289
 459
 273
 241
 243
 262
 461
 500
 242
 346
 302
 190
 230
 322
 462
 167
 221
 325
 187
 498
 211
 203
 341
 84
 258
 270
 237
 506
 120
 405
 474
 247
 265
 342
 399
 45
 466
 311
 234
 438
 460
 75
 287
 267
 185
 81
 334
 183
 85
 80
 57
 493
 235
 76
 483
 259
 63
 193
 255
 266
 467
 275
 473
 67
 71
 505
 435
 137
 427
 245
 509
 471
 476
 356
 355
 305
 58
 176
 430
 271
 360
 480
 514
 343
 428
 224
 359
 191
 62
 25
 117
 501
 347
 303
 362
 64
 475
 78
 391
 118
 138
 188
 228
 216
 204
 468
 358
 320
 263
 316
 525
 292
 127
 142
 252
 180
 470
 220
 336
 168
 164
 300
 508
 426
 312
 406
 499
 208
 531
 446
 515
 520
 28
 517
 431
 68
 26
 280
 61
 518
 521
 60
 212
 1
 2
 3
 4
 5
 6
 7
 8
 9
 10
 11
 12
 13
 14
 15
 16
 17
 18
 19
 20
 21
 22
 23
 24
 27
 29
 30
 31
 32
 33
 34
 35
 36
 37
 38
 39
 40
 41
 42
 43
 47
 49
 50
 51
 52
 53
 54
 55
 56
 59
 65
 66
 69
 70
 72
 73
 74
 77
 82
 83
 86
 87
 88
 89
 90
 91
 92
 93
 94
 95
 96
 97
 98
 99
 100
 101
 102
 103
 104
 105
 106
 107
 108
 109
 110
 111
 112
 113
 123
 125
 128
 129
 130
 131
 132
 133
 143
 144
 145
 146
 147
 148
 151
 152
 155
 156
 157
 158
 159
 160
 161
 172
 184
 192
 194
 195
 196
 197
 198
 199
 200
 201
 232
 236
 240
 244
 248
 256
 260
 264
 268
 272
 276
 284
 288
 296
 304
 308
 324
 328
 332
 340
 344
 348
 350
 351
 352
 353
 354
 357
 361
 363
 364
 365
 366
 367
 368
 369
 370
 371
 372
 373
 374
 375
 376
 377
 378
 379
 380
 381
 382
 383
 384
 385
 386
 387
 388
 407
 408
 409
 410
 411
 412
 413
 414
 415
 416
 417
 418
 419
 420
 421
 422
 423
 424
 425
 429
 463
 469
 472
 492
 495
 504
 507
 510
 511
 512
 513
 516
 519
 522
 523
 524
 526
 527
 528
 529
 530
 532
 533
 534
 535
 536
 537
 538
 539
 540
 541
 542
 543
 544
 545
 546
 547
 548
 549
 550
 551
 552
 553
 554
 555
 556
 557
 558
 559
 560
 561
 562
 563
 564
 565
 566
 567
 568
 569
