 1.0000  0.9940  0.9940  0.9940  0.9940  0.9940  0.9950  0.9940  0.9940  0.9940  0.9910  0.9880  0.9880  0.9880  0.9880  0.9880  0.9880  0.9880  0.9880  0.9880  0.9880  0.9880  0.9880  0.9880  0.9880  0.9880  0.9880  0.9880  0.9880  0.9880  0.9880  0.9880  0.9880 
 0.9940  1.0000  0.9940  0.9940  0.9940  0.9950  0.9950  0.9940  0.9940  0.9940  0.9930  0.9910  0.9910  0.9910  0.9910  0.9910  0.9910  0.9910  0.9910  0.9910  0.9910  0.9910  0.9910  0.9910  0.9910  0.9910  0.9910  0.9910  0.9910  0.9910  0.9910  0.9910  0.9910 
 0.9940  0.9940  1.0000  0.9990  0.9990  0.9940  0.9940  0.9950  0.9950  0.9950  0.9910  0.9900  0.9900  0.9900  0.9900  0.9900  0.9900  0.9900  0.9900  0.9900  0.9900  0.9900  0.9900  0.9900  0.9900  0.9900  0.9900  0.9900  0.9900  0.9900  0.9900  0.9900  0.9900 
 0.9940  0.9940  0.9990  1.0000  0.9990  0.9940  0.9940  0.9950  0.9950  0.9950  0.9910  0.9900  0.9900  0.9900  0.9900  0.9900  0.9900  0.9900  0.9900  0.9900  0.9900  0.9900  0.9900  0.9900  0.9900  0.9900  0.9900  0.9900  0.9900  0.9900  0.9900  0.9900  0.9900 
 0.9940  0.9940  0.9990  0.9990  1.0000  0.9940  0.9940  0.9950  0.9950  0.9950  0.9910  0.9900  0.9900  0.9900  0.9900  0.9900  0.9900  0.9900  0.9900  0.9900  0.9900  0.9900  0.9900  0.9900  0.9900  0.9900  0.9900  0.9900  0.9900  0.9900  0.9900  0.9900  0.9900 
 0.9940  0.9950  0.9940  0.9940  0.9940  1.0000  0.9940  0.9940  0.9940  0.9940  0.9930  0.9910  0.9910  0.9910  0.9910  0.9910  0.9910  0.9910  0.9910  0.9910  0.9910  0.9910  0.9910  0.9910  0.9910  0.9910  0.9910  0.9910  0.9910  0.9910  0.9910  0.9910  0.9910 
 0.9950  0.9950  0.9940  0.9940  0.9940  0.9940  1.0000  0.9940  0.9940  0.9940  0.9940  0.9910  0.9910  0.9910  0.9910  0.9910  0.9910  0.9910  0.9910  0.9910  0.9910  0.9910  0.9910  0.9910  0.9910  0.9910  0.9910  0.9910  0.9910  0.9910  0.9910  0.9910  0.9910 
 0.9940  0.9940  0.9950  0.9950  0.9950  0.9940  0.9940  1.0000  0.9990  0.9990  0.9940  0.9930  0.9930  0.9930  0.9930  0.9930  0.9930  0.9930  0.9930  0.9930  0.9930  0.9930  0.9930  0.9930  0.9930  0.9930  0.9930  0.9930  0.9930  0.9930  0.9930  0.9930  0.9930 
 0.9940  0.9940  0.9950  0.9950  0.9950  0.9940  0.9940  0.9990  1.0000  0.9990  0.9940  0.9930  0.9930  0.9930  0.9930  0.9930  0.9930  0.9930  0.9930  0.9930  0.9930  0.9930  0.9930  0.9930  0.9930  0.9930  0.9930  0.9930  0.9930  0.9930  0.9930  0.9930  0.9930 
 0.9940  0.9940  0.9950  0.9950  0.9950  0.9940  0.9940  0.9990  0.9990  1.0000  0.9940  0.9930  0.9930  0.9930  0.9930  0.9930  0.9930  0.9930  0.9930  0.9930  0.9930  0.9930  0.9930  0.9930  0.9930  0.9930  0.9930  0.9930  0.9930  0.9930  0.9930  0.9930  0.9930 
 0.9910  0.9930  0.9910  0.9910  0.9910  0.9930  0.9940  0.9940  0.9940  0.9940  1.0000  0.9960  0.9960  0.9960  0.9960  0.9960  0.9960  0.9960  0.9960  0.9960  0.9960  0.9960  0.9960  0.9960  0.9960  0.9960  0.9960  0.9960  0.9960  0.9960  0.9960  0.9960  0.9960 
 0.9880  0.9910  0.9900  0.9900  0.9900  0.9910  0.9910  0.9930  0.9930  0.9930  0.9960  1.0000  0.9990  0.9990  0.9990  0.9990  0.9990  0.9990  0.9990  0.9990  0.9990  0.9990  0.9990  0.9990  0.9990  0.9990  0.9990  0.9990  0.9990  0.9990  0.9990  0.9990  0.9990 
 0.9880  0.9910  0.9900  0.9900  0.9900  0.9910  0.9910  0.9930  0.9930  0.9930  0.9960  0.9990  1.0000  0.9990  0.9990  0.9990  0.9990  0.9990  0.9990  0.9990  0.9990  0.9990  0.9990  0.9990  0.9990  0.9990  0.9990  0.9990  0.9990  0.9990  0.9990  0.9990  0.9990 
 0.9880  0.9910  0.9900  0.9900  0.9900  0.9910  0.9910  0.9930  0.9930  0.9930  0.9960  0.9990  0.9990  1.0000  0.9990  0.9990  0.9990  0.9990  0.9990  0.9990  0.9990  0.9990  0.9990  0.9990  0.9990  0.9990  0.9990  0.9990  0.9990  0.9990  0.9990  0.9990  0.9990 
 0.9880  0.9910  0.9900  0.9900  0.9900  0.9910  0.9910  0.9930  0.9930  0.9930  0.9960  0.9990  0.9990  0.9990  1.0000  0.9990  0.9990  0.9990  0.9990  0.9990  0.9990  0.9990  0.9990  0.9990  0.9990  0.9990  0.9990  0.9990  0.9990  0.9990  0.9990  0.9990  0.9990 
 0.9880  0.9910  0.9900  0.9900  0.9900  0.9910  0.9910  0.9930  0.9930  0.9930  0.9960  0.9990  0.9990  0.9990  0.9990  1.0000  0.9990  0.9990  0.9990  0.9990  0.9990  0.9990  0.9990  0.9990  0.9990  0.9990  0.9990  0.9990  0.9990  0.9990  0.9990  0.9990  0.9990 
 0.9880  0.9910  0.9900  0.9900  0.9900  0.9910  0.9910  0.9930  0.9930  0.9930  0.9960  0.9990  0.9990  0.9990  0.9990  0.9990  1.0000  0.9990  0.9990  0.9990  0.9990  0.9990  0.9990  0.9990  0.9990  0.9990  0.9990  0.9990  0.9990  0.9990  0.9990  0.9990  0.9990 
 0.9880  0.9910  0.9900  0.9900  0.9900  0.9910  0.9910  0.9930  0.9930  0.9930  0.9960  0.9990  0.9990  0.9990  0.9990  0.9990  0.9990  1.0000  0.9990  0.9990  0.9990  0.9990  0.9990  0.9990  0.9990  0.9990  0.9990  0.9990  0.9990  0.9990  0.9990  0.9990  0.9990 
 0.9880  0.9910  0.9900  0.9900  0.9900  0.9910  0.9910  0.9930  0.9930  0.9930  0.9960  0.9990  0.9990  0.9990  0.9990  0.9990  0.9990  0.9990  1.0000  0.9990  0.9990  0.9990  0.9990  0.9990  0.9990  0.9990  0.9990  0.9990  0.9990  0.9990  0.9990  0.9990  0.9990 
 0.9880  0.9910  0.9900  0.9900  0.9900  0.9910  0.9910  0.9930  0.9930  0.9930  0.9960  0.9990  0.9990  0.9990  0.9990  0.9990  0.9990  0.9990  0.9990  1.0000  0.9990  0.9990  0.9990  0.9990  0.9990  0.9990  0.9990  0.9990  0.9990  0.9990  0.9990  0.9990  0.9990 
 0.9880  0.9910  0.9900  0.9900  0.9900  0.9910  0.9910  0.9930  0.9930  0.9930  0.9960  0.9990  0.9990  0.9990  0.9990  0.9990  0.9990  0.9990  0.9990  0.9990  1.0000  0.9990  0.9990  0.9990  0.9990  0.9990  0.9990  0.9990  0.9990  0.9990  0.9990  0.9990  0.9990 
 0.9880  0.9910  0.9900  0.9900  0.9900  0.9910  0.9910  0.9930  0.9930  0.9930  0.9960  0.9990  0.9990  0.9990  0.9990  0.9990  0.9990  0.9990  0.9990  0.9990  0.9990  1.0000  0.9990  0.9990  0.9990  0.9990  0.9990  0.9990  0.9990  0.9990  0.9990  0.9990  0.9990 
 0.9880  0.9910  0.9900  0.9900  0.9900  0.9910  0.9910  0.9930  0.9930  0.9930  0.9960  0.9990  0.9990  0.9990  0.9990  0.9990  0.9990  0.9990  0.9990  0.9990  0.9990  0.9990  1.0000  0.9990  0.9990  0.9990  0.9990  0.9990  0.9990  0.9990  0.9990  0.9990  0.9990 
 0.9880  0.9910  0.9900  0.9900  0.9900  0.9910  0.9910  0.9930  0.9930  0.9930  0.9960  0.9990  0.9990  0.9990  0.9990  0.9990  0.9990  0.9990  0.9990  0.9990  0.9990  0.9990  0.9990  1.0000  0.9990  0.9990  0.9990  0.9990  0.9990  0.9990  0.9990  0.9990  0.9990 
 0.9880  0.9910  0.9900  0.9900  0.9900  0.9910  0.9910  0.9930  0.9930  0.9930  0.9960  0.9990  0.9990  0.9990  0.9990  0.9990  0.9990  0.9990  0.9990  0.9990  0.9990  0.9990  0.9990  0.9990  1.0000  0.9990  0.9990  0.9990  0.9990  0.9990  0.9990  0.9990  0.9990 
 0.9880  0.9910  0.9900  0.9900  0.9900  0.9910  0.9910  0.9930  0.9930  0.9930  0.9960  0.9990  0.9990  0.9990  0.9990  0.9990  0.9990  0.9990  0.9990  0.9990  0.9990  0.9990  0.9990  0.9990  0.9990  1.0000  0.9990  0.9990  0.9990  0.9990  0.9990  0.9990  0.9990 
 0.9880  0.9910  0.9900  0.9900  0.9900  0.9910  0.9910  0.9930  0.9930  0.9930  0.9960  0.9990  0.9990  0.9990  0.9990  0.9990  0.9990  0.9990  0.9990  0.9990  0.9990  0.9990  0.9990  0.9990  0.9990  0.9990  1.0000  0.9990  0.9990  0.9990  0.9990  0.9990  0.9990 
 0.9880  0.9910  0.9900  0.9900  0.9900  0.9910  0.9910  0.9930  0.9930  0.9930  0.9960  0.9990  0.9990  0.9990  0.9990  0.9990  0.9990  0.9990  0.9990  0.9990  0.9990  0.9990  0.9990  0.9990  0.9990  0.9990  0.9990  1.0000  0.9990  0.9990  0.9990  0.9990  0.9990 
 0.9880  0.9910  0.9900  0.9900  0.9900  0.9910  0.9910  0.9930  0.9930  0.9930  0.9960  0.9990  0.9990  0.9990  0.9990  0.9990  0.9990  0.9990  0.9990  0.9990  0.9990  0.9990  0.9990  0.9990  0.9990  0.9990  0.9990  0.9990  1.0000  0.9990  0.9990  0.9990  0.9990 
 0.9880  0.9910  0.9900  0.9900  0.9900  0.9910  0.9910  0.9930  0.9930  0.9930  0.9960  0.9990  0.9990  0.9990  0.9990  0.9990  0.9990  0.9990  0.9990  0.9990  0.9990  0.9990  0.9990  0.9990  0.9990  0.9990  0.9990  0.9990  0.9990  1.0000  0.9990  0.9990  0.9990 
 0.9880  0.9910  0.9900  0.9900  0.9900  0.9910  0.9910  0.9930  0.9930  0.9930  0.9960  0.9990  0.9990  0.9990  0.9990  0.9990  0.9990  0.9990  0.9990  0.9990  0.9990  0.9990  0.9990  0.9990  0.9990  0.9990  0.9990  0.9990  0.9990  0.9990  1.0000  0.9990  0.9990 
 0.9880  0.9910  0.9900  0.9900  0.9900  0.9910  0.9910  0.9930  0.9930  0.9930  0.9960  0.9990  0.9990  0.9990  0.9990  0.9990  0.9990  0.9990  0.9990  0.9990  0.9990  0.9990  0.9990  0.9990  0.9990  0.9990  0.9990  0.9990  0.9990  0.9990  0.9990  1.0000  0.9990 
 0.9880  0.9910  0.9900  0.9900  0.9900  0.9910  0.9910  0.9930  0.9930  0.9930  0.9960  0.9990  0.9990  0.9990  0.9990  0.9990  0.9990  0.9990  0.9990  0.9990  0.9990  0.9990  0.9990  0.9990  0.9990  0.9990  0.9990  0.9990  0.9990  0.9990  0.9990  0.9990  1.0000 
