 1.0000  0.9850  0.9810  0.9810  0.9750  0.9700  0.9540  0.7020  0.7020  0.7020  0.3420 -0.0710 -0.0710 -0.0710 -0.0710 -0.0710 -0.0710 -0.0710 -0.0710 -0.0710 -0.0710 -0.0710 -0.0710 -0.0710 -0.0710 -0.0710 -0.0710 -0.0710 -0.0710 -0.0710 -0.0710 -0.0710 -0.0710 
 0.9850  1.0000  0.9960  0.9950  0.9950  0.9900  0.9820  0.7830  0.7830  0.7830  0.4570  0.0490  0.0490  0.0490  0.0490  0.0490  0.0490  0.0490  0.0490  0.0490  0.0490  0.0490  0.0490  0.0490  0.0490  0.0490  0.0490  0.0490  0.0490  0.0490  0.0490  0.0490  0.0490 
 0.9810  0.9960  1.0000  0.9950  0.9940  0.9930  0.9850  0.7980  0.7980  0.7980  0.4820  0.0770  0.0770  0.0770  0.0770  0.0770  0.0770  0.0770  0.0770  0.0770  0.0770  0.0770  0.0770  0.0770  0.0770  0.0770  0.0770  0.0770  0.0770  0.0770  0.0770  0.0770  0.0770 
 0.9810  0.9950  0.9950  1.0000  0.9960  0.9920  0.9890  0.8070  0.8070  0.8070  0.4920  0.0890  0.0890  0.0890  0.0890  0.0890  0.0890  0.0890  0.0890  0.0890  0.0890  0.0890  0.0890  0.0890  0.0890  0.0890  0.0890  0.0890  0.0890  0.0890  0.0890  0.0890  0.0890 
 0.9750  0.9950  0.9940  0.9960  1.0000  0.9950  0.9910  0.8240  0.8240  0.8240  0.5160  0.1130  0.1130  0.1130  0.1130  0.1130  0.1130  0.1130  0.1130  0.1130  0.1130  0.1130  0.1130  0.1130  0.1130  0.1130  0.1130  0.1130  0.1130  0.1130  0.1130  0.1130  0.1130 
 0.9700  0.9900  0.9930  0.9920  0.9950  1.0000  0.9940  0.8400  0.8400  0.8400  0.5410  0.1410  0.1410  0.1410  0.1410  0.1410  0.1410  0.1410  0.1410  0.1410  0.1410  0.1410  0.1410  0.1410  0.1410  0.1410  0.1410  0.1410  0.1410  0.1410  0.1410  0.1410  0.1410 
 0.9540  0.9820  0.9850  0.9890  0.9910  0.9940  1.0000  0.8720  0.8720  0.8720  0.5870  0.1930  0.1930  0.1930  0.1930  0.1930  0.1930  0.1930  0.1930  0.1930  0.1930  0.1930  0.1930  0.1930  0.1930  0.1930  0.1930  0.1930  0.1930  0.1930  0.1930  0.1930  0.1930 
 0.7020  0.7830  0.7980  0.8070  0.8240  0.8400  0.8720  1.0000  0.9990  0.9990  0.8900  0.6130  0.6130  0.6130  0.6130  0.6130  0.6130  0.6130  0.6130  0.6130  0.6130  0.6130  0.6130  0.6130  0.6130  0.6130  0.6130  0.6130  0.6130  0.6130  0.6130  0.6130  0.6130 
 0.7020  0.7830  0.7980  0.8070  0.8240  0.8400  0.8720  0.9990  1.0000  0.9990  0.8900  0.6130  0.6130  0.6130  0.6130  0.6130  0.6130  0.6130  0.6130  0.6130  0.6130  0.6130  0.6130  0.6130  0.6130  0.6130  0.6130  0.6130  0.6130  0.6130  0.6130  0.6130  0.6130 
 0.7020  0.7830  0.7980  0.8070  0.8240  0.8400  0.8720  0.9990  0.9990  1.0000  0.8900  0.6130  0.6130  0.6130  0.6130  0.6130  0.6130  0.6130  0.6130  0.6130  0.6130  0.6130  0.6130  0.6130  0.6130  0.6130  0.6130  0.6130  0.6130  0.6130  0.6130  0.6130  0.6130 
 0.3420  0.4570  0.4820  0.4920  0.5160  0.5410  0.5870  0.8900  0.8900  0.8900  1.0000  0.8940  0.8940  0.8940  0.8940  0.8940  0.8940  0.8940  0.8940  0.8940  0.8940  0.8940  0.8940  0.8940  0.8940  0.8940  0.8940  0.8940  0.8940  0.8940  0.8940  0.8940  0.8940 
-0.0710  0.0490  0.0770  0.0890  0.1130  0.1410  0.1930  0.6130  0.6130  0.6130  0.8940  1.0000  0.9990  0.9990  0.9990  0.9990  0.9990  0.9990  0.9990  0.9990  0.9990  0.9990  0.9990  0.9990  0.9990  0.9990  0.9990  0.9990  0.9990  0.9990  0.9990  0.9990  0.9990 
-0.0710  0.0490  0.0770  0.0890  0.1130  0.1410  0.1930  0.6130  0.6130  0.6130  0.8940  0.9990  1.0000  0.9990  0.9990  0.9990  0.9990  0.9990  0.9990  0.9990  0.9990  0.9990  0.9990  0.9990  0.9990  0.9990  0.9990  0.9990  0.9990  0.9990  0.9990  0.9990  0.9990 
-0.0710  0.0490  0.0770  0.0890  0.1130  0.1410  0.1930  0.6130  0.6130  0.6130  0.8940  0.9990  0.9990  1.0000  0.9990  0.9990  0.9990  0.9990  0.9990  0.9990  0.9990  0.9990  0.9990  0.9990  0.9990  0.9990  0.9990  0.9990  0.9990  0.9990  0.9990  0.9990  0.9990 
-0.0710  0.0490  0.0770  0.0890  0.1130  0.1410  0.1930  0.6130  0.6130  0.6130  0.8940  0.9990  0.9990  0.9990  1.0000  0.9990  0.9990  0.9990  0.9990  0.9990  0.9990  0.9990  0.9990  0.9990  0.9990  0.9990  0.9990  0.9990  0.9990  0.9990  0.9990  0.9990  0.9990 
-0.0710  0.0490  0.0770  0.0890  0.1130  0.1410  0.1930  0.6130  0.6130  0.6130  0.8940  0.9990  0.9990  0.9990  0.9990  1.0000  0.9990  0.9990  0.9990  0.9990  0.9990  0.9990  0.9990  0.9990  0.9990  0.9990  0.9990  0.9990  0.9990  0.9990  0.9990  0.9990  0.9990 
-0.0710  0.0490  0.0770  0.0890  0.1130  0.1410  0.1930  0.6130  0.6130  0.6130  0.8940  0.9990  0.9990  0.9990  0.9990  0.9990  1.0000  0.9990  0.9990  0.9990  0.9990  0.9990  0.9990  0.9990  0.9990  0.9990  0.9990  0.9990  0.9990  0.9990  0.9990  0.9990  0.9990 
-0.0710  0.0490  0.0770  0.0890  0.1130  0.1410  0.1930  0.6130  0.6130  0.6130  0.8940  0.9990  0.9990  0.9990  0.9990  0.9990  0.9990  1.0000  0.9990  0.9990  0.9990  0.9990  0.9990  0.9990  0.9990  0.9990  0.9990  0.9990  0.9990  0.9990  0.9990  0.9990  0.9990 
-0.0710  0.0490  0.0770  0.0890  0.1130  0.1410  0.1930  0.6130  0.6130  0.6130  0.8940  0.9990  0.9990  0.9990  0.9990  0.9990  0.9990  0.9990  1.0000  0.9990  0.9990  0.9990  0.9990  0.9990  0.9990  0.9990  0.9990  0.9990  0.9990  0.9990  0.9990  0.9990  0.9990 
-0.0710  0.0490  0.0770  0.0890  0.1130  0.1410  0.1930  0.6130  0.6130  0.6130  0.8940  0.9990  0.9990  0.9990  0.9990  0.9990  0.9990  0.9990  0.9990  1.0000  0.9990  0.9990  0.9990  0.9990  0.9990  0.9990  0.9990  0.9990  0.9990  0.9990  0.9990  0.9990  0.9990 
-0.0710  0.0490  0.0770  0.0890  0.1130  0.1410  0.1930  0.6130  0.6130  0.6130  0.8940  0.9990  0.9990  0.9990  0.9990  0.9990  0.9990  0.9990  0.9990  0.9990  1.0000  0.9990  0.9990  0.9990  0.9990  0.9990  0.9990  0.9990  0.9990  0.9990  0.9990  0.9990  0.9990 
-0.0710  0.0490  0.0770  0.0890  0.1130  0.1410  0.1930  0.6130  0.6130  0.6130  0.8940  0.9990  0.9990  0.9990  0.9990  0.9990  0.9990  0.9990  0.9990  0.9990  0.9990  1.0000  0.9990  0.9990  0.9990  0.9990  0.9990  0.9990  0.9990  0.9990  0.9990  0.9990  0.9990 
-0.0710  0.0490  0.0770  0.0890  0.1130  0.1410  0.1930  0.6130  0.6130  0.6130  0.8940  0.9990  0.9990  0.9990  0.9990  0.9990  0.9990  0.9990  0.9990  0.9990  0.9990  0.9990  1.0000  0.9990  0.9990  0.9990  0.9990  0.9990  0.9990  0.9990  0.9990  0.9990  0.9990 
-0.0710  0.0490  0.0770  0.0890  0.1130  0.1410  0.1930  0.6130  0.6130  0.6130  0.8940  0.9990  0.9990  0.9990  0.9990  0.9990  0.9990  0.9990  0.9990  0.9990  0.9990  0.9990  0.9990  1.0000  0.9990  0.9990  0.9990  0.9990  0.9990  0.9990  0.9990  0.9990  0.9990 
-0.0710  0.0490  0.0770  0.0890  0.1130  0.1410  0.1930  0.6130  0.6130  0.6130  0.8940  0.9990  0.9990  0.9990  0.9990  0.9990  0.9990  0.9990  0.9990  0.9990  0.9990  0.9990  0.9990  0.9990  1.0000  0.9990  0.9990  0.9990  0.9990  0.9990  0.9990  0.9990  0.9990 
-0.0710  0.0490  0.0770  0.0890  0.1130  0.1410  0.1930  0.6130  0.6130  0.6130  0.8940  0.9990  0.9990  0.9990  0.9990  0.9990  0.9990  0.9990  0.9990  0.9990  0.9990  0.9990  0.9990  0.9990  0.9990  1.0000  0.9990  0.9990  0.9990  0.9990  0.9990  0.9990  0.9990 
-0.0710  0.0490  0.0770  0.0890  0.1130  0.1410  0.1930  0.6130  0.6130  0.6130  0.8940  0.9990  0.9990  0.9990  0.9990  0.9990  0.9990  0.9990  0.9990  0.9990  0.9990  0.9990  0.9990  0.9990  0.9990  0.9990  1.0000  0.9990  0.9990  0.9990  0.9990  0.9990  0.9990 
-0.0710  0.0490  0.0770  0.0890  0.1130  0.1410  0.1930  0.6130  0.6130  0.6130  0.8940  0.9990  0.9990  0.9990  0.9990  0.9990  0.9990  0.9990  0.9990  0.9990  0.9990  0.9990  0.9990  0.9990  0.9990  0.9990  0.9990  1.0000  0.9990  0.9990  0.9990  0.9990  0.9990 
-0.0710  0.0490  0.0770  0.0890  0.1130  0.1410  0.1930  0.6130  0.6130  0.6130  0.8940  0.9990  0.9990  0.9990  0.9990  0.9990  0.9990  0.9990  0.9990  0.9990  0.9990  0.9990  0.9990  0.9990  0.9990  0.9990  0.9990  0.9990  1.0000  0.9990  0.9990  0.9990  0.9990 
-0.0710  0.0490  0.0770  0.0890  0.1130  0.1410  0.1930  0.6130  0.6130  0.6130  0.8940  0.9990  0.9990  0.9990  0.9990  0.9990  0.9990  0.9990  0.9990  0.9990  0.9990  0.9990  0.9990  0.9990  0.9990  0.9990  0.9990  0.9990  0.9990  1.0000  0.9990  0.9990  0.9990 
-0.0710  0.0490  0.0770  0.0890  0.1130  0.1410  0.1930  0.6130  0.6130  0.6130  0.8940  0.9990  0.9990  0.9990  0.9990  0.9990  0.9990  0.9990  0.9990  0.9990  0.9990  0.9990  0.9990  0.9990  0.9990  0.9990  0.9990  0.9990  0.9990  0.9990  1.0000  0.9990  0.9990 
-0.0710  0.0490  0.0770  0.0890  0.1130  0.1410  0.1930  0.6130  0.6130  0.6130  0.8940  0.9990  0.9990  0.9990  0.9990  0.9990  0.9990  0.9990  0.9990  0.9990  0.9990  0.9990  0.9990  0.9990  0.9990  0.9990  0.9990  0.9990  0.9990  0.9990  0.9990  1.0000  0.9990 
-0.0710  0.0490  0.0770  0.0890  0.1130  0.1410  0.1930  0.6130  0.6130  0.6130  0.8940  0.9990  0.9990  0.9990  0.9990  0.9990  0.9990  0.9990  0.9990  0.9990  0.9990  0.9990  0.9990  0.9990  0.9990  0.9990  0.9990  0.9990  0.9990  0.9990  0.9990  0.9990  1.0000 
