 1.0000  0.3818  0.0000  0.0000  0.0000  0.0000  0.0000  0.0000  0.0000  0.0000  0.0000  0.0000  0.0000  0.0000  0.0000  0.0000  0.0000  0.0000  0.0000  0.0000  0.0000  0.0000  0.0000  0.0000  0.0000  0.0000  0.0000  0.0000  0.0000  0.0000  0.0000  0.0000  0.0000 
 0.3818  1.0000  0.0258  0.0000  0.0000  0.0000  0.0000  0.0000  0.0000  0.0000  0.0000  0.0000  0.0000  0.0000  0.0000  0.0000  0.0000  0.0000  0.0000  0.0000  0.0000  0.0000  0.0000  0.0000  0.0000  0.0000  0.0000  0.0000  0.0000  0.0000  0.0000  0.0000  0.0000 
 0.0000  0.0258  1.0000  0.5140  0.0000  0.0000  0.0000  0.0000  0.0000  0.0000  0.0000  0.0000  0.0000  0.0000  0.0000  0.0000  0.0000  0.0000  0.0000  0.0000  0.0000  0.0000  0.0000  0.0000  0.0000  0.0000  0.0000  0.0000  0.0000  0.0000  0.0000  0.0000  0.0000 
 0.0000  0.0000  0.5140  1.0000  0.7500  0.6660  0.0000  0.0000  0.0000  0.0000  0.0000  0.0000  0.0000  0.0000  0.0000  0.0000  0.0000  0.0000  0.0000  0.0000  0.0000  0.0000  0.0000  0.0000  0.0000  0.0000  0.0000  0.0000  0.0000  0.0000  0.0000  0.0000  0.0000 
 0.0000  0.0000  0.0000  0.7500  1.0000  0.8860  0.0000  0.0000  0.0000  0.0000  0.0000  0.0000  0.0000  0.0000  0.0000  0.0000  0.0000  0.0000  0.0000  0.0000  0.0000  0.0000  0.0000  0.0000  0.0000  0.0000  0.0000  0.0000  0.0000  0.0000  0.0000  0.0000  0.0000 
 0.0000  0.0000  0.0000  0.6660  0.8860  1.0000  0.4500  0.4500  0.4500  0.4500  0.3540  0.0000  0.0000  0.0000  0.0000  0.0000  0.0000  0.0000  0.0000  0.0000  0.0000  0.0000  0.0000  0.0000  0.0000  0.0000  0.0000  0.0000  0.0000  0.0000  0.0000  0.0000  0.0000 
 0.0000  0.0000  0.0000  0.0000  0.0000  0.4500  1.0000  0.9990  0.9990  0.9990  0.7860  0.0000  0.0000  0.0000  0.0000  0.0000  0.0000  0.0000  0.0000  0.0000  0.0000  0.0000  0.0000  0.0000  0.0000  0.0000  0.0000  0.0000  0.0000  0.0000  0.0000  0.0000  0.0000 
 0.0000  0.0000  0.0000  0.0000  0.0000  0.4500  0.9990  1.0000  0.9990  0.9990  0.7860  0.0000  0.0000  0.0000  0.0000  0.0000  0.0000  0.0000  0.0000  0.0000  0.0000  0.0000  0.0000  0.0000  0.0000  0.0000  0.0000  0.0000  0.0000  0.0000  0.0000  0.0000  0.0000 
 0.0000  0.0000  0.0000  0.0000  0.0000  0.4500  0.9990  0.9990  1.0000  0.9990  0.7860  0.0000  0.0000  0.0000  0.0000  0.0000  0.0000  0.0000  0.0000  0.0000  0.0000  0.0000  0.0000  0.0000  0.0000  0.0000  0.0000  0.0000  0.0000  0.0000  0.0000  0.0000  0.0000 
 0.0000  0.0000  0.0000  0.0000  0.0000  0.4500  0.9990  0.9990  0.9990  1.0000  0.7860  0.0000  0.0000  0.0000  0.0000  0.0000  0.0000  0.0000  0.0000  0.0000  0.0000  0.0000  0.0000  0.0000  0.0000  0.0000  0.0000  0.0000  0.0000  0.0000  0.0000  0.0000  0.0000 
 0.0000  0.0000  0.0000  0.0000  0.0000  0.3540  0.7860  0.7860  0.7860  0.7860  1.0000  0.6040  0.6040  0.6040  0.6040  0.1210  0.1210  0.1210  0.1210  0.1540  0.1720  0.1720  0.1720  0.1720  0.1720  0.1720  0.1720  0.1720  0.1720  0.1720  0.1720  0.1720  0.1720 
 0.0000  0.0000  0.0000  0.0000  0.0000  0.0000  0.0000  0.0000  0.0000  0.0000  0.6040  1.0000  0.9990  0.9990  0.9920  0.1990  0.1990  0.1990  0.1990  0.2560  0.2850  0.2850  0.2850  0.2850  0.2850  0.2850  0.2850  0.2850  0.2850  0.2850  0.2850  0.2850  0.2850 
 0.0000  0.0000  0.0000  0.0000  0.0000  0.0000  0.0000  0.0000  0.0000  0.0000  0.6040  0.9990  1.0000  0.9990  0.9920  0.1990  0.1990  0.1990  0.1990  0.2560  0.2850  0.2850  0.2850  0.2850  0.2850  0.2850  0.2850  0.2850  0.2850  0.2850  0.2850  0.2850  0.2850 
 0.0000  0.0000  0.0000  0.0000  0.0000  0.0000  0.0000  0.0000  0.0000  0.0000  0.6040  0.9990  0.9990  1.0000  0.9920  0.1990  0.1990  0.1990  0.1990  0.2560  0.2850  0.2850  0.2850  0.2850  0.2850  0.2850  0.2850  0.2850  0.2850  0.2850  0.2850  0.2850  0.2850 
 0.0000  0.0000  0.0000  0.0000  0.0000  0.0000  0.0000  0.0000  0.0000  0.0000  0.6040  0.9920  0.9920  0.9920  1.0000  0.2660  0.2660  0.2660  0.2660  0.3180  0.3260  0.3260  0.3260  0.3260  0.3260  0.3260  0.3260  0.3260  0.3260  0.3260  0.3260  0.3260  0.3260 
 0.0000  0.0000  0.0000  0.0000  0.0000  0.0000  0.0000  0.0000  0.0000  0.0000  0.1210  0.1990  0.1990  0.1990  0.2660  1.0000  0.9990  0.9990  0.9990  0.9370  0.7060  0.7060  0.7060  0.7060  0.7060  0.7060  0.7060  0.7060  0.7060  0.7060  0.7060  0.7060  0.7060 
 0.0000  0.0000  0.0000  0.0000  0.0000  0.0000  0.0000  0.0000  0.0000  0.0000  0.1210  0.1990  0.1990  0.1990  0.2660  0.9990  1.0000  0.9990  0.9990  0.9370  0.7060  0.7060  0.7060  0.7060  0.7060  0.7060  0.7060  0.7060  0.7060  0.7060  0.7060  0.7060  0.7060 
 0.0000  0.0000  0.0000  0.0000  0.0000  0.0000  0.0000  0.0000  0.0000  0.0000  0.1210  0.1990  0.1990  0.1990  0.2660  0.9990  0.9990  1.0000  0.9990  0.9370  0.7060  0.7060  0.7060  0.7060  0.7060  0.7060  0.7060  0.7060  0.7060  0.7060  0.7060  0.7060  0.7060 
 0.0000  0.0000  0.0000  0.0000  0.0000  0.0000  0.0000  0.0000  0.0000  0.0000  0.1210  0.1990  0.1990  0.1990  0.2660  0.9990  0.9990  0.9990  1.0000  0.9370  0.7060  0.7060  0.7060  0.7060  0.7060  0.7060  0.7060  0.7060  0.7060  0.7060  0.7060  0.7060  0.7060 
 0.0000  0.0000  0.0000  0.0000  0.0000  0.0000  0.0000  0.0000  0.0000  0.0000  0.1540  0.2560  0.2560  0.2560  0.3180  0.9370  0.9370  0.9370  0.9370  1.0000  0.8950  0.8950  0.8950  0.8950  0.8950  0.8950  0.8950  0.8950  0.8950  0.8950  0.8950  0.8950  0.8950 
 0.0000  0.0000  0.0000  0.0000  0.0000  0.0000  0.0000  0.0000  0.0000  0.0000  0.1720  0.2850  0.2850  0.2850  0.3260  0.7060  0.7060  0.7060  0.7060  0.8950  1.0000  0.9990  0.9990  0.9990  0.9990  0.9990  0.9990  0.9990  0.9990  0.9990  0.9990  0.9990  0.9990 
 0.0000  0.0000  0.0000  0.0000  0.0000  0.0000  0.0000  0.0000  0.0000  0.0000  0.1720  0.2850  0.2850  0.2850  0.3260  0.7060  0.7060  0.7060  0.7060  0.8950  0.9990  1.0000  0.9990  0.9990  0.9990  0.9990  0.9990  0.9990  0.9990  0.9990  0.9990  0.9990  0.9990 
 0.0000  0.0000  0.0000  0.0000  0.0000  0.0000  0.0000  0.0000  0.0000  0.0000  0.1720  0.2850  0.2850  0.2850  0.3260  0.7060  0.7060  0.7060  0.7060  0.8950  0.9990  0.9990  1.0000  0.9990  0.9990  0.9990  0.9990  0.9990  0.9990  0.9990  0.9990  0.9990  0.9990 
 0.0000  0.0000  0.0000  0.0000  0.0000  0.0000  0.0000  0.0000  0.0000  0.0000  0.1720  0.2850  0.2850  0.2850  0.3260  0.7060  0.7060  0.7060  0.7060  0.8950  0.9990  0.9990  0.9990  1.0000  0.9990  0.9990  0.9990  0.9990  0.9990  0.9990  0.9990  0.9990  0.9990 
 0.0000  0.0000  0.0000  0.0000  0.0000  0.0000  0.0000  0.0000  0.0000  0.0000  0.1720  0.2850  0.2850  0.2850  0.3260  0.7060  0.7060  0.7060  0.7060  0.8950  0.9990  0.9990  0.9990  0.9990  1.0000  0.9990  0.9990  0.9990  0.9990  0.9990  0.9990  0.9990  0.9990 
 0.0000  0.0000  0.0000  0.0000  0.0000  0.0000  0.0000  0.0000  0.0000  0.0000  0.1720  0.2850  0.2850  0.2850  0.3260  0.7060  0.7060  0.7060  0.7060  0.8950  0.9990  0.9990  0.9990  0.9990  0.9990  1.0000  0.9990  0.9990  0.9990  0.9990  0.9990  0.9990  0.9990 
 0.0000  0.0000  0.0000  0.0000  0.0000  0.0000  0.0000  0.0000  0.0000  0.0000  0.1720  0.2850  0.2850  0.2850  0.3260  0.7060  0.7060  0.7060  0.7060  0.8950  0.9990  0.9990  0.9990  0.9990  0.9990  0.9990  1.0000  0.9990  0.9990  0.9990  0.9990  0.9990  0.9990 
 0.0000  0.0000  0.0000  0.0000  0.0000  0.0000  0.0000  0.0000  0.0000  0.0000  0.1720  0.2850  0.2850  0.2850  0.3260  0.7060  0.7060  0.7060  0.7060  0.8950  0.9990  0.9990  0.9990  0.9990  0.9990  0.9990  0.9990  1.0000  0.9990  0.9990  0.9990  0.9990  0.9990 
 0.0000  0.0000  0.0000  0.0000  0.0000  0.0000  0.0000  0.0000  0.0000  0.0000  0.1720  0.2850  0.2850  0.2850  0.3260  0.7060  0.7060  0.7060  0.7060  0.8950  0.9990  0.9990  0.9990  0.9990  0.9990  0.9990  0.9990  0.9990  1.0000  0.9990  0.9990  0.9990  0.9990 
 0.0000  0.0000  0.0000  0.0000  0.0000  0.0000  0.0000  0.0000  0.0000  0.0000  0.1720  0.2850  0.2850  0.2850  0.3260  0.7060  0.7060  0.7060  0.7060  0.8950  0.9990  0.9990  0.9990  0.9990  0.9990  0.9990  0.9990  0.9990  0.9990  1.0000  0.9990  0.9990  0.9990 
 0.0000  0.0000  0.0000  0.0000  0.0000  0.0000  0.0000  0.0000  0.0000  0.0000  0.1720  0.2850  0.2850  0.2850  0.3260  0.7060  0.7060  0.7060  0.7060  0.8950  0.9990  0.9990  0.9990  0.9990  0.9990  0.9990  0.9990  0.9990  0.9990  0.9990  1.0000  0.9990  0.9990 
 0.0000  0.0000  0.0000  0.0000  0.0000  0.0000  0.0000  0.0000  0.0000  0.0000  0.1720  0.2850  0.2850  0.2850  0.3260  0.7060  0.7060  0.7060  0.7060  0.8950  0.9990  0.9990  0.9990  0.9990  0.9990  0.9990  0.9990  0.9990  0.9990  0.9990  0.9990  1.0000  0.9990 
 0.0000  0.0000  0.0000  0.0000  0.0000  0.0000  0.0000  0.0000  0.0000  0.0000  0.1720  0.2850  0.2850  0.2850  0.3260  0.7060  0.7060  0.7060  0.7060  0.8950  0.9990  0.9990  0.9990  0.9990  0.9990  0.9990  0.9990  0.9990  0.9990  0.9990  0.9990  0.9990  1.0000 
