 1.0000  0.9000  0.8360  0.7710  0.8990  0.8310  0.7770  0.6680  0.8370  0.7730  0.6690  0.6690  0.6690  0.6690  0.6690  0.6640  0.0000  0.0000  0.0000  0.0000  0.0000  0.0000  0.0000  0.0000  0.0000  0.0000  0.0000  0.0000  0.0000  0.0000  0.0000  0.0000  0.0000 
 0.9000  1.0000  0.8410  0.7780  0.9010  0.8340  0.7800  0.6720  0.8330  0.7730  0.6710  0.6710  0.6710  0.6710  0.6710  0.6660  0.0000  0.0000  0.0000  0.0000  0.0000  0.0000  0.0000  0.0000  0.0000  0.0000  0.0000  0.0000  0.0000  0.0000  0.0000  0.0000  0.0000 
 0.8360  0.8410  1.0000  0.7620  0.8350  0.7740  0.7220  0.6210  0.7740  0.7180  0.6200  0.6200  0.6200  0.6200  0.6200  0.6170  0.0000  0.0000  0.0000  0.0000  0.0000  0.0000  0.0000  0.0000  0.0000  0.0000  0.0000  0.0000  0.0000  0.0000  0.0000  0.0000  0.0000 
 0.7710  0.7780  0.7620  1.0000  0.7850  0.7130  0.6660  0.5760  0.7170  0.6630  0.5740  0.5740  0.5740  0.5740  0.5740  0.5700  0.0000  0.0000  0.0000  0.0000  0.0000  0.0000  0.0000  0.0000  0.0000  0.0000  0.0000  0.0000  0.0000  0.0000  0.0000  0.0000  0.0000 
 0.8990  0.9010  0.8350  0.7850  1.0000  0.8430  0.7740  0.6680  0.8310  0.7710  0.6680  0.6680  0.6680  0.6680  0.6680  0.6630  0.0000  0.0000  0.0000  0.0000  0.0000  0.0000  0.0000  0.0000  0.0000  0.0000  0.0000  0.0000  0.0000  0.0000  0.0000  0.0000  0.0000 
 0.8310  0.8340  0.7740  0.7130  0.8430  1.0000  0.7240  0.6180  0.7710  0.7130  0.6190  0.6190  0.6190  0.6190  0.6190  0.6110  0.0000  0.0000  0.0000  0.0000  0.0000  0.0000  0.0000  0.0000  0.0000  0.0000  0.0000  0.0000  0.0000  0.0000  0.0000  0.0000  0.0000 
 0.7770  0.7800  0.7220  0.6660  0.7740  0.7240  1.0000  0.5800  0.7220  0.6660  0.5760  0.5760  0.5760  0.5760  0.5760  0.5750  0.0000  0.0000  0.0000  0.0000  0.0000  0.0000  0.0000  0.0000  0.0000  0.0000  0.0000  0.0000  0.0000  0.0000  0.0000  0.0000  0.0000 
 0.6680  0.6720  0.6210  0.5760  0.6680  0.6180  0.5800  1.0000  0.6290  0.5740  0.4970  0.4970  0.4970  0.4970  0.4970  0.4930  0.0000  0.0000  0.0000  0.0000  0.0000  0.0000  0.0000  0.0000  0.0000  0.0000  0.0000  0.0000  0.0000  0.0000  0.0000  0.0000  0.0000 
 0.8370  0.8330  0.7740  0.7170  0.8310  0.7710  0.7220  0.6290  1.0000  0.7620  0.6210  0.6210  0.6210  0.6210  0.6210  0.6140  0.0000  0.0000  0.0000  0.0000  0.0000  0.0000  0.0000  0.0000  0.0000  0.0000  0.0000  0.0000  0.0000  0.0000  0.0000  0.0000  0.0000 
 0.7730  0.7730  0.7180  0.6630  0.7710  0.7130  0.6660  0.5740  0.7620  1.0000  0.8860  0.8860  0.8860  0.8860  0.8860  0.8780  0.0000  0.0000  0.0000  0.0000  0.0000  0.0000  0.0000  0.0000  0.0000  0.0000  0.0000  0.0000  0.0000  0.0000  0.0000  0.0000  0.0000 
 0.6690  0.6710  0.6200  0.5740  0.6680  0.6190  0.5760  0.4970  0.6210  0.8860  1.0000  0.9990  0.9990  0.9990  0.9990  0.9870  0.0000  0.0000  0.0000  0.0000  0.0000  0.0000  0.0000  0.0000  0.0000  0.0000  0.0000  0.0000  0.0000  0.0000  0.0000  0.0000  0.0000 
 0.6690  0.6710  0.6200  0.5740  0.6680  0.6190  0.5760  0.4970  0.6210  0.8860  0.9990  1.0000  0.9990  0.9990  0.9990  0.9870  0.0000  0.0000  0.0000  0.0000  0.0000  0.0000  0.0000  0.0000  0.0000  0.0000  0.0000  0.0000  0.0000  0.0000  0.0000  0.0000  0.0000 
 0.6690  0.6710  0.6200  0.5740  0.6680  0.6190  0.5760  0.4970  0.6210  0.8860  0.9990  0.9990  1.0000  0.9990  0.9990  0.9870  0.0000  0.0000  0.0000  0.0000  0.0000  0.0000  0.0000  0.0000  0.0000  0.0000  0.0000  0.0000  0.0000  0.0000  0.0000  0.0000  0.0000 
 0.6690  0.6710  0.6200  0.5740  0.6680  0.6190  0.5760  0.4970  0.6210  0.8860  0.9990  0.9990  0.9990  1.0000  0.9990  0.9870  0.0000  0.0000  0.0000  0.0000  0.0000  0.0000  0.0000  0.0000  0.0000  0.0000  0.0000  0.0000  0.0000  0.0000  0.0000  0.0000  0.0000 
 0.6690  0.6710  0.6200  0.5740  0.6680  0.6190  0.5760  0.4970  0.6210  0.8860  0.9990  0.9990  0.9990  0.9990  1.0000  0.9870  0.0000  0.0000  0.0000  0.0000  0.0000  0.0000  0.0000  0.0000  0.0000  0.0000  0.0000  0.0000  0.0000  0.0000  0.0000  0.0000  0.0000 
 0.6640  0.6660  0.6170  0.5700  0.6630  0.6110  0.5750  0.4930  0.6140  0.8780  0.9870  0.9870  0.9870  0.9870  0.9870  1.0000  0.0900  0.0790  0.0790  0.0750  0.0760  0.0700  0.0770  0.0680  0.0680  0.0680  0.0680  0.0210  0.0000  0.0000  0.0000  0.0000  0.0000 
 0.0000  0.0000  0.0000  0.0000  0.0000  0.0000  0.0000  0.0000  0.0000  0.0000  0.0000  0.0000  0.0000  0.0000  0.0000  0.0900  1.0000  0.7560  0.7260  0.6930  0.6890  0.6330  0.7220  0.6340  0.6340  0.6340  0.6340  0.1930  0.0000  0.0000  0.0000  0.0000  0.0000 
 0.0000  0.0000  0.0000  0.0000  0.0000  0.0000  0.0000  0.0000  0.0000  0.0000  0.0000  0.0000  0.0000  0.0000  0.0000  0.0790  0.7560  1.0000  0.6930  0.6310  0.6290  0.5790  0.6600  0.5790  0.5790  0.5790  0.5790  0.1760  0.0000  0.0000  0.0000  0.0000  0.0000 
 0.0000  0.0000  0.0000  0.0000  0.0000  0.0000  0.0000  0.0000  0.0000  0.0000  0.0000  0.0000  0.0000  0.0000  0.0000  0.0790  0.7260  0.6930  1.0000  0.6850  0.6190  0.5700  0.6510  0.5700  0.5700  0.5700  0.5700  0.1730  0.0000  0.0000  0.0000  0.0000  0.0000 
 0.0000  0.0000  0.0000  0.0000  0.0000  0.0000  0.0000  0.0000  0.0000  0.0000  0.0000  0.0000  0.0000  0.0000  0.0000  0.0750  0.6930  0.6310  0.6850  1.0000  0.9770  0.5430  0.6190  0.5430  0.5430  0.5430  0.5430  0.1650  0.0000  0.0000  0.0000  0.0000  0.0000 
 0.0000  0.0000  0.0000  0.0000  0.0000  0.0000  0.0000  0.0000  0.0000  0.0000  0.0000  0.0000  0.0000  0.0000  0.0000  0.0760  0.6890  0.6290  0.6190  0.9770  1.0000  0.6440  0.6920  0.5400  0.5400  0.5400  0.5400  0.1660  0.0000  0.0000  0.0000  0.0000  0.0000 
 0.0000  0.0000  0.0000  0.0000  0.0000  0.0000  0.0000  0.0000  0.0000  0.0000  0.0000  0.0000  0.0000  0.0000  0.0000  0.0700  0.6330  0.5790  0.5700  0.5430  0.6440  1.0000  0.9290  0.4990  0.4990  0.4990  0.4990  0.1530  0.0000  0.0000  0.0000  0.0000  0.0000 
 0.0000  0.0000  0.0000  0.0000  0.0000  0.0000  0.0000  0.0000  0.0000  0.0000  0.0000  0.0000  0.0000  0.0000  0.0000  0.0770  0.7220  0.6600  0.6510  0.6190  0.6920  0.9290  1.0000  0.7700  0.7700  0.7700  0.7700  0.2360  0.0000  0.0000  0.0000  0.0000  0.0000 
 0.0000  0.0000  0.0000  0.0000  0.0000  0.0000  0.0000  0.0000  0.0000  0.0000  0.0000  0.0000  0.0000  0.0000  0.0000  0.0680  0.6340  0.5790  0.5700  0.5430  0.5400  0.4990  0.7700  1.0000  0.9990  0.9990  0.9990  0.3060  0.0000  0.0000  0.0000  0.0000  0.0000 
 0.0000  0.0000  0.0000  0.0000  0.0000  0.0000  0.0000  0.0000  0.0000  0.0000  0.0000  0.0000  0.0000  0.0000  0.0000  0.0680  0.6340  0.5790  0.5700  0.5430  0.5400  0.4990  0.7700  0.9990  1.0000  0.9990  0.9990  0.3060  0.0000  0.0000  0.0000  0.0000  0.0000 
 0.0000  0.0000  0.0000  0.0000  0.0000  0.0000  0.0000  0.0000  0.0000  0.0000  0.0000  0.0000  0.0000  0.0000  0.0000  0.0680  0.6340  0.5790  0.5700  0.5430  0.5400  0.4990  0.7700  0.9990  0.9990  1.0000  0.9990  0.3060  0.0000  0.0000  0.0000  0.0000  0.0000 
 0.0000  0.0000  0.0000  0.0000  0.0000  0.0000  0.0000  0.0000  0.0000  0.0000  0.0000  0.0000  0.0000  0.0000  0.0000  0.0680  0.6340  0.5790  0.5700  0.5430  0.5400  0.4990  0.7700  0.9990  0.9990  0.9990  1.0000  0.3060  0.0000  0.0000  0.0000  0.0000  0.0000 
 0.0000  0.0000  0.0000  0.0000  0.0000  0.0000  0.0000  0.0000  0.0000  0.0000  0.0000  0.0000  0.0000  0.0000  0.0000  0.0210  0.1930  0.1760  0.1730  0.1650  0.1660  0.1530  0.2360  0.3060  0.3060  0.3060  0.3060  1.0000  0.9450  0.9450  0.9450  0.9450  0.9450 
 0.0000  0.0000  0.0000  0.0000  0.0000  0.0000  0.0000  0.0000  0.0000  0.0000  0.0000  0.0000  0.0000  0.0000  0.0000  0.0000  0.0000  0.0000  0.0000  0.0000  0.0000  0.0000  0.0000  0.0000  0.0000  0.0000  0.0000  0.9450  1.0000  0.9990  0.9990  0.9990  0.9990 
 0.0000  0.0000  0.0000  0.0000  0.0000  0.0000  0.0000  0.0000  0.0000  0.0000  0.0000  0.0000  0.0000  0.0000  0.0000  0.0000  0.0000  0.0000  0.0000  0.0000  0.0000  0.0000  0.0000  0.0000  0.0000  0.0000  0.0000  0.9450  0.9990  1.0000  0.9990  0.9990  0.9990 
 0.0000  0.0000  0.0000  0.0000  0.0000  0.0000  0.0000  0.0000  0.0000  0.0000  0.0000  0.0000  0.0000  0.0000  0.0000  0.0000  0.0000  0.0000  0.0000  0.0000  0.0000  0.0000  0.0000  0.0000  0.0000  0.0000  0.0000  0.9450  0.9990  0.9990  1.0000  0.9990  0.9990 
 0.0000  0.0000  0.0000  0.0000  0.0000  0.0000  0.0000  0.0000  0.0000  0.0000  0.0000  0.0000  0.0000  0.0000  0.0000  0.0000  0.0000  0.0000  0.0000  0.0000  0.0000  0.0000  0.0000  0.0000  0.0000  0.0000  0.0000  0.9450  0.9990  0.9990  0.9990  1.0000  0.9990 
 0.0000  0.0000  0.0000  0.0000  0.0000  0.0000  0.0000  0.0000  0.0000  0.0000  0.0000  0.0000  0.0000  0.0000  0.0000  0.0000  0.0000  0.0000  0.0000  0.0000  0.0000  0.0000  0.0000  0.0000  0.0000  0.0000  0.0000  0.9450  0.9990  0.9990  0.9990  0.9990  1.0000 
