 1.0000  0.0000  0.0000  0.0000  0.0000  0.0000  0.0000  0.0000  0.0000  0.0000  0.0000  0.0000  0.0000  0.0000  0.0000  0.0000  0.0000  0.0000  0.0000  0.0000  0.0000  0.0000  0.0000  0.0000  0.0000  0.0000  0.0000  0.0000  0.0000  0.0000  0.0000  0.0000  0.0000 
 0.0000  1.0000  0.6990  0.0000  0.0000  0.0000  0.0000  0.0000  0.0000  0.0000  0.0000  0.0000  0.0000  0.0000  0.0000  0.0000  0.0000  0.0000  0.0000  0.0000  0.0000  0.0000  0.0000  0.0000  0.0000  0.0000  0.0000  0.0000  0.0000  0.0000  0.0000  0.0000  0.0000 
 0.0000  0.6990  1.0000  0.7060  0.3350  0.0000  0.0000  0.0000  0.0000  0.0000  0.0000  0.0000  0.0000  0.0000  0.0000  0.0000  0.0000  0.0000  0.0000  0.0000  0.0000  0.0000  0.0000  0.0000  0.0000  0.0000  0.0000  0.0000  0.0000  0.0000  0.0000  0.0000  0.0000 
 0.0000  0.0000  0.7060  1.0000  0.4740  0.0000  0.0000  0.0000  0.0000  0.0000  0.0000  0.0000  0.0000  0.0000  0.0000  0.0000  0.0000  0.0000  0.0000  0.0000  0.0000  0.0000  0.0000  0.0000  0.0000  0.0000  0.0000  0.0000  0.0000  0.0000  0.0000  0.0000  0.0000 
 0.0000  0.0000  0.3350  0.4740  1.0000  0.8400  0.0050 -0.0040  0.0010  0.0000  0.0000  0.0000  0.0000  0.0000  0.0000  0.0000  0.0000  0.0000  0.0000  0.0000  0.0000  0.0000  0.0000  0.0000  0.0000  0.0000  0.0000  0.0000  0.0000  0.0000  0.0000  0.0000  0.0000 
 0.0000  0.0000  0.0000  0.0000  0.8400  1.0000  0.1560  0.0390  0.0000  0.0000  0.0000  0.0000  0.0000  0.0000  0.0000  0.0000  0.0000  0.0000  0.0000  0.0000  0.0000  0.0000  0.0000  0.0000  0.0000  0.0000  0.0000  0.0000  0.0000  0.0000  0.0000  0.0000  0.0000 
 0.0000  0.0000  0.0000  0.0000  0.0050  0.1560  1.0000  0.7650  0.6400  0.5440  0.4380  0.3200  0.1840  0.1840  0.1840  0.1840  0.1840  0.1840  0.1840  0.1840  0.1840  0.1840  0.1840  0.1840  0.1840  0.1840  0.1840  0.1840  0.1840  0.1840  0.1840  0.1840  0.1840 
 0.0000  0.0000  0.0000  0.0000 -0.0040  0.0390  0.7650  1.0000  0.8730  0.6440  0.5220  0.4190  0.3110  0.3110  0.3110  0.3110  0.3110  0.3110  0.3110  0.3110  0.3110  0.3110  0.3110  0.3110  0.3110  0.3110  0.3110  0.3110  0.3110  0.3110  0.3110  0.3110  0.3110 
 0.0000  0.0000  0.0000  0.0000  0.0010  0.0000  0.6400  0.8730  1.0000  0.8750  0.6360  0.4440  0.2480  0.2480  0.2480  0.2480  0.2480  0.2480  0.2480  0.2480  0.2480  0.2480  0.2480  0.2480  0.2480  0.2480  0.2480  0.2480  0.2480  0.2480  0.2480  0.2480  0.2480 
 0.0000  0.0000  0.0000  0.0000  0.0000  0.0000  0.5440  0.6440  0.8750  1.0000  0.7920  0.5380  0.2370  0.2370  0.2370  0.2370  0.2370  0.2370  0.2370  0.2370  0.2370  0.2370  0.2370  0.2370  0.2370  0.2370  0.2370  0.2370  0.2370  0.2370  0.2370  0.2370  0.2370 
 0.0000  0.0000  0.0000  0.0000  0.0000  0.0000  0.4380  0.5220  0.6360  0.7920  1.0000  0.9280  0.7310  0.7310  0.7310  0.7310  0.7310  0.7310  0.7310  0.7310  0.7310  0.7310  0.7310  0.7310  0.7310  0.7310  0.7310  0.7310  0.7310  0.7310  0.7310  0.7310  0.7310 
 0.0000  0.0000  0.0000  0.0000  0.0000  0.0000  0.3200  0.4190  0.4440  0.5380  0.9280  1.0000  0.9250  0.9250  0.9250  0.9250  0.9250  0.9250  0.9250  0.9250  0.9250  0.9250  0.9250  0.9250  0.9250  0.9250  0.9250  0.9250  0.9250  0.9250  0.9250  0.9250  0.9250 
 0.0000  0.0000  0.0000  0.0000  0.0000  0.0000  0.1840  0.3110  0.2480  0.2370  0.7310  0.9250  1.0000  0.9990  0.9990  0.9990  0.9990  0.9990  0.9990  0.9990  0.9990  0.9990  0.9990  0.9990  0.9990  0.9990  0.9990  0.9990  0.9990  0.9990  0.9990  0.9990  0.9990 
 0.0000  0.0000  0.0000  0.0000  0.0000  0.0000  0.1840  0.3110  0.2480  0.2370  0.7310  0.9250  0.9990  1.0000  0.9990  0.9990  0.9990  0.9990  0.9990  0.9990  0.9990  0.9990  0.9990  0.9990  0.9990  0.9990  0.9990  0.9990  0.9990  0.9990  0.9990  0.9990  0.9990 
 0.0000  0.0000  0.0000  0.0000  0.0000  0.0000  0.1840  0.3110  0.2480  0.2370  0.7310  0.9250  0.9990  0.9990  1.0000  0.9990  0.9990  0.9990  0.9990  0.9990  0.9990  0.9990  0.9990  0.9990  0.9990  0.9990  0.9990  0.9990  0.9990  0.9990  0.9990  0.9990  0.9990 
 0.0000  0.0000  0.0000  0.0000  0.0000  0.0000  0.1840  0.3110  0.2480  0.2370  0.7310  0.9250  0.9990  0.9990  0.9990  1.0000  0.9990  0.9990  0.9990  0.9990  0.9990  0.9990  0.9990  0.9990  0.9990  0.9990  0.9990  0.9990  0.9990  0.9990  0.9990  0.9990  0.9990 
 0.0000  0.0000  0.0000  0.0000  0.0000  0.0000  0.1840  0.3110  0.2480  0.2370  0.7310  0.9250  0.9990  0.9990  0.9990  0.9990  1.0000  0.9990  0.9990  0.9990  0.9990  0.9990  0.9990  0.9990  0.9990  0.9990  0.9990  0.9990  0.9990  0.9990  0.9990  0.9990  0.9990 
 0.0000  0.0000  0.0000  0.0000  0.0000  0.0000  0.1840  0.3110  0.2480  0.2370  0.7310  0.9250  0.9990  0.9990  0.9990  0.9990  0.9990  1.0000  0.9990  0.9990  0.9990  0.9990  0.9990  0.9990  0.9990  0.9990  0.9990  0.9990  0.9990  0.9990  0.9990  0.9990  0.9990 
 0.0000  0.0000  0.0000  0.0000  0.0000  0.0000  0.1840  0.3110  0.2480  0.2370  0.7310  0.9250  0.9990  0.9990  0.9990  0.9990  0.9990  0.9990  1.0000  0.9990  0.9990  0.9990  0.9990  0.9990  0.9990  0.9990  0.9990  0.9990  0.9990  0.9990  0.9990  0.9990  0.9990 
 0.0000  0.0000  0.0000  0.0000  0.0000  0.0000  0.1840  0.3110  0.2480  0.2370  0.7310  0.9250  0.9990  0.9990  0.9990  0.9990  0.9990  0.9990  0.9990  1.0000  0.9990  0.9990  0.9990  0.9990  0.9990  0.9990  0.9990  0.9990  0.9990  0.9990  0.9990  0.9990  0.9990 
 0.0000  0.0000  0.0000  0.0000  0.0000  0.0000  0.1840  0.3110  0.2480  0.2370  0.7310  0.9250  0.9990  0.9990  0.9990  0.9990  0.9990  0.9990  0.9990  0.9990  1.0000  0.9990  0.9990  0.9990  0.9990  0.9990  0.9990  0.9990  0.9990  0.9990  0.9990  0.9990  0.9990 
 0.0000  0.0000  0.0000  0.0000  0.0000  0.0000  0.1840  0.3110  0.2480  0.2370  0.7310  0.9250  0.9990  0.9990  0.9990  0.9990  0.9990  0.9990  0.9990  0.9990  0.9990  1.0000  0.9990  0.9990  0.9990  0.9990  0.9990  0.9990  0.9990  0.9990  0.9990  0.9990  0.9990 
 0.0000  0.0000  0.0000  0.0000  0.0000  0.0000  0.1840  0.3110  0.2480  0.2370  0.7310  0.9250  0.9990  0.9990  0.9990  0.9990  0.9990  0.9990  0.9990  0.9990  0.9990  0.9990  1.0000  0.9990  0.9990  0.9990  0.9990  0.9990  0.9990  0.9990  0.9990  0.9990  0.9990 
 0.0000  0.0000  0.0000  0.0000  0.0000  0.0000  0.1840  0.3110  0.2480  0.2370  0.7310  0.9250  0.9990  0.9990  0.9990  0.9990  0.9990  0.9990  0.9990  0.9990  0.9990  0.9990  0.9990  1.0000  0.9990  0.9990  0.9990  0.9990  0.9990  0.9990  0.9990  0.9990  0.9990 
 0.0000  0.0000  0.0000  0.0000  0.0000  0.0000  0.1840  0.3110  0.2480  0.2370  0.7310  0.9250  0.9990  0.9990  0.9990  0.9990  0.9990  0.9990  0.9990  0.9990  0.9990  0.9990  0.9990  0.9990  1.0000  0.9990  0.9990  0.9990  0.9990  0.9990  0.9990  0.9990  0.9990 
 0.0000  0.0000  0.0000  0.0000  0.0000  0.0000  0.1840  0.3110  0.2480  0.2370  0.7310  0.9250  0.9990  0.9990  0.9990  0.9990  0.9990  0.9990  0.9990  0.9990  0.9990  0.9990  0.9990  0.9990  0.9990  1.0000  0.9990  0.9990  0.9990  0.9990  0.9990  0.9990  0.9990 
 0.0000  0.0000  0.0000  0.0000  0.0000  0.0000  0.1840  0.3110  0.2480  0.2370  0.7310  0.9250  0.9990  0.9990  0.9990  0.9990  0.9990  0.9990  0.9990  0.9990  0.9990  0.9990  0.9990  0.9990  0.9990  0.9990  1.0000  0.9990  0.9990  0.9990  0.9990  0.9990  0.9990 
 0.0000  0.0000  0.0000  0.0000  0.0000  0.0000  0.1840  0.3110  0.2480  0.2370  0.7310  0.9250  0.9990  0.9990  0.9990  0.9990  0.9990  0.9990  0.9990  0.9990  0.9990  0.9990  0.9990  0.9990  0.9990  0.9990  0.9990  1.0000  0.9990  0.9990  0.9990  0.9990  0.9990 
 0.0000  0.0000  0.0000  0.0000  0.0000  0.0000  0.1840  0.3110  0.2480  0.2370  0.7310  0.9250  0.9990  0.9990  0.9990  0.9990  0.9990  0.9990  0.9990  0.9990  0.9990  0.9990  0.9990  0.9990  0.9990  0.9990  0.9990  0.9990  1.0000  0.9990  0.9990  0.9990  0.9990 
 0.0000  0.0000  0.0000  0.0000  0.0000  0.0000  0.1840  0.3110  0.2480  0.2370  0.7310  0.9250  0.9990  0.9990  0.9990  0.9990  0.9990  0.9990  0.9990  0.9990  0.9990  0.9990  0.9990  0.9990  0.9990  0.9990  0.9990  0.9990  0.9990  1.0000  0.9990  0.9990  0.9990 
 0.0000  0.0000  0.0000  0.0000  0.0000  0.0000  0.1840  0.3110  0.2480  0.2370  0.7310  0.9250  0.9990  0.9990  0.9990  0.9990  0.9990  0.9990  0.9990  0.9990  0.9990  0.9990  0.9990  0.9990  0.9990  0.9990  0.9990  0.9990  0.9990  0.9990  1.0000  0.9990  0.9990 
 0.0000  0.0000  0.0000  0.0000  0.0000  0.0000  0.1840  0.3110  0.2480  0.2370  0.7310  0.9250  0.9990  0.9990  0.9990  0.9990  0.9990  0.9990  0.9990  0.9990  0.9990  0.9990  0.9990  0.9990  0.9990  0.9990  0.9990  0.9990  0.9990  0.9990  0.9990  1.0000  0.9990 
 0.0000  0.0000  0.0000  0.0000  0.0000  0.0000  0.1840  0.3110  0.2480  0.2370  0.7310  0.9250  0.9990  0.9990  0.9990  0.9990  0.9990  0.9990  0.9990  0.9990  0.9990  0.9990  0.9990  0.9990  0.9990  0.9990  0.9990  0.9990  0.9990  0.9990  0.9990  0.9990  1.0000 
