 1.0000  0.1980  0.2260  0.1990  0.2220  0.2250  0.1990  0.1990  0.1990  0.1990  0.2200  0.1990  0.1990  0.1990  0.1990  0.1990  0.1990  0.1990  0.1990  0.1990  0.1990  0.1990  0.1990  0.1990  0.1990  0.1990  0.1990  0.1990  0.1990  0.1990  0.1990  0.1990  0.1990 
 0.1980  1.0000  0.9430  0.4990  0.5550  0.5660  0.4980  0.4980  0.4980  0.4980  0.5540  0.4980  0.4980  0.4980  0.4980  0.4980  0.4980  0.4980  0.4980  0.4980  0.4980  0.4980  0.4980  0.4980  0.4980  0.4980  0.4980  0.4980  0.4980  0.4980  0.4980  0.4980  0.4980 
 0.2260  0.9430  1.0000  0.7530  0.6850  0.6410  0.5660  0.5660  0.5660  0.5660  0.6270  0.5660  0.5660  0.5660  0.5660  0.5660  0.5660  0.5660  0.5660  0.5660  0.5660  0.5660  0.5660  0.5660  0.5660  0.5660  0.5660  0.5660  0.5660  0.5660  0.5660  0.5660  0.5660 
 0.1990  0.4990  0.7530  1.0000  0.7030  0.5650  0.4990  0.4990  0.4990  0.4990  0.5520  0.5000  0.5000  0.5000  0.5000  0.5000  0.5000  0.5000  0.5000  0.5000  0.5000  0.5000  0.5000  0.5000  0.5000  0.5000  0.5000  0.5000  0.5000  0.5000  0.5000  0.5000  0.5000 
 0.2220  0.5550  0.6850  0.7030  1.0000  0.9380  0.5570  0.5570  0.5570  0.5570  0.6170  0.5560  0.5560  0.5560  0.5560  0.5560  0.5560  0.5560  0.5560  0.5560  0.5560  0.5560  0.5560  0.5560  0.5560  0.5560  0.5560  0.5560  0.5560  0.5560  0.5560  0.5560  0.5560 
 0.2250  0.5660  0.6410  0.5650  0.9380  1.0000  0.7550  0.7550  0.7550  0.7550  0.6830  0.5650  0.5650  0.5650  0.5650  0.5650  0.5650  0.5650  0.5650  0.5650  0.5650  0.5650  0.5650  0.5650  0.5650  0.5650  0.5650  0.5650  0.5650  0.5650  0.5650  0.5650  0.5650 
 0.1990  0.4980  0.5660  0.4990  0.5570  0.7550  1.0000  0.9990  0.9990  0.9990  0.6930  0.5000  0.5000  0.5000  0.5000  0.5000  0.5000  0.5000  0.5000  0.5000  0.5000  0.5000  0.5000  0.5000  0.5000  0.5000  0.5000  0.5000  0.5000  0.5000  0.5000  0.5000  0.5000 
 0.1990  0.4980  0.5660  0.4990  0.5570  0.7550  0.9990  1.0000  0.9990  0.9990  0.6930  0.5000  0.5000  0.5000  0.5000  0.5000  0.5000  0.5000  0.5000  0.5000  0.5000  0.5000  0.5000  0.5000  0.5000  0.5000  0.5000  0.5000  0.5000  0.5000  0.5000  0.5000  0.5000 
 0.1990  0.4980  0.5660  0.4990  0.5570  0.7550  0.9990  0.9990  1.0000  0.9990  0.6930  0.5000  0.5000  0.5000  0.5000  0.5000  0.5000  0.5000  0.5000  0.5000  0.5000  0.5000  0.5000  0.5000  0.5000  0.5000  0.5000  0.5000  0.5000  0.5000  0.5000  0.5000  0.5000 
 0.1990  0.4980  0.5660  0.4990  0.5570  0.7550  0.9990  0.9990  0.9990  1.0000  0.6930  0.5000  0.5000  0.5000  0.5000  0.5000  0.5000  0.5000  0.5000  0.5000  0.5000  0.5000  0.5000  0.5000  0.5000  0.5000  0.5000  0.5000  0.5000  0.5000  0.5000  0.5000  0.5000 
 0.2200  0.5540  0.6270  0.5520  0.6170  0.6830  0.6930  0.6930  0.6930  0.6930  1.0000  0.9670  0.9670  0.9670  0.9670  0.9670  0.9670  0.9670  0.9670  0.9670  0.9670  0.9670  0.9670  0.9670  0.9670  0.9670  0.9670  0.9670  0.9670  0.9670  0.9670  0.9670  0.9670 
 0.1990  0.4980  0.5660  0.5000  0.5560  0.5650  0.5000  0.5000  0.5000  0.5000  0.9670  1.0000  0.9990  0.9990  0.9990  0.9990  0.9990  0.9990  0.9990  0.9990  0.9990  0.9990  0.9990  0.9990  0.9990  0.9990  0.9990  0.9990  0.9990  0.9990  0.9990  0.9990  0.9990 
 0.1990  0.4980  0.5660  0.5000  0.5560  0.5650  0.5000  0.5000  0.5000  0.5000  0.9670  0.9990  1.0000  0.9990  0.9990  0.9990  0.9990  0.9990  0.9990  0.9990  0.9990  0.9990  0.9990  0.9990  0.9990  0.9990  0.9990  0.9990  0.9990  0.9990  0.9990  0.9990  0.9990 
 0.1990  0.4980  0.5660  0.5000  0.5560  0.5650  0.5000  0.5000  0.5000  0.5000  0.9670  0.9990  0.9990  1.0000  0.9990  0.9990  0.9990  0.9990  0.9990  0.9990  0.9990  0.9990  0.9990  0.9990  0.9990  0.9990  0.9990  0.9990  0.9990  0.9990  0.9990  0.9990  0.9990 
 0.1990  0.4980  0.5660  0.5000  0.5560  0.5650  0.5000  0.5000  0.5000  0.5000  0.9670  0.9990  0.9990  0.9990  1.0000  0.9990  0.9990  0.9990  0.9990  0.9990  0.9990  0.9990  0.9990  0.9990  0.9990  0.9990  0.9990  0.9990  0.9990  0.9990  0.9990  0.9990  0.9990 
 0.1990  0.4980  0.5660  0.5000  0.5560  0.5650  0.5000  0.5000  0.5000  0.5000  0.9670  0.9990  0.9990  0.9990  0.9990  1.0000  0.9990  0.9990  0.9990  0.9990  0.9990  0.9990  0.9990  0.9990  0.9990  0.9990  0.9990  0.9990  0.9990  0.9990  0.9990  0.9990  0.9990 
 0.1990  0.4980  0.5660  0.5000  0.5560  0.5650  0.5000  0.5000  0.5000  0.5000  0.9670  0.9990  0.9990  0.9990  0.9990  0.9990  1.0000  0.9990  0.9990  0.9990  0.9990  0.9990  0.9990  0.9990  0.9990  0.9990  0.9990  0.9990  0.9990  0.9990  0.9990  0.9990  0.9990 
 0.1990  0.4980  0.5660  0.5000  0.5560  0.5650  0.5000  0.5000  0.5000  0.5000  0.9670  0.9990  0.9990  0.9990  0.9990  0.9990  0.9990  1.0000  0.9990  0.9990  0.9990  0.9990  0.9990  0.9990  0.9990  0.9990  0.9990  0.9990  0.9990  0.9990  0.9990  0.9990  0.9990 
 0.1990  0.4980  0.5660  0.5000  0.5560  0.5650  0.5000  0.5000  0.5000  0.5000  0.9670  0.9990  0.9990  0.9990  0.9990  0.9990  0.9990  0.9990  1.0000  0.9990  0.9990  0.9990  0.9990  0.9990  0.9990  0.9990  0.9990  0.9990  0.9990  0.9990  0.9990  0.9990  0.9990 
 0.1990  0.4980  0.5660  0.5000  0.5560  0.5650  0.5000  0.5000  0.5000  0.5000  0.9670  0.9990  0.9990  0.9990  0.9990  0.9990  0.9990  0.9990  0.9990  1.0000  0.9990  0.9990  0.9990  0.9990  0.9990  0.9990  0.9990  0.9990  0.9990  0.9990  0.9990  0.9990  0.9990 
 0.1990  0.4980  0.5660  0.5000  0.5560  0.5650  0.5000  0.5000  0.5000  0.5000  0.9670  0.9990  0.9990  0.9990  0.9990  0.9990  0.9990  0.9990  0.9990  0.9990  1.0000  0.9990  0.9990  0.9990  0.9990  0.9990  0.9990  0.9990  0.9990  0.9990  0.9990  0.9990  0.9990 
 0.1990  0.4980  0.5660  0.5000  0.5560  0.5650  0.5000  0.5000  0.5000  0.5000  0.9670  0.9990  0.9990  0.9990  0.9990  0.9990  0.9990  0.9990  0.9990  0.9990  0.9990  1.0000  0.9990  0.9990  0.9990  0.9990  0.9990  0.9990  0.9990  0.9990  0.9990  0.9990  0.9990 
 0.1990  0.4980  0.5660  0.5000  0.5560  0.5650  0.5000  0.5000  0.5000  0.5000  0.9670  0.9990  0.9990  0.9990  0.9990  0.9990  0.9990  0.9990  0.9990  0.9990  0.9990  0.9990  1.0000  0.9990  0.9990  0.9990  0.9990  0.9990  0.9990  0.9990  0.9990  0.9990  0.9990 
 0.1990  0.4980  0.5660  0.5000  0.5560  0.5650  0.5000  0.5000  0.5000  0.5000  0.9670  0.9990  0.9990  0.9990  0.9990  0.9990  0.9990  0.9990  0.9990  0.9990  0.9990  0.9990  0.9990  1.0000  0.9990  0.9990  0.9990  0.9990  0.9990  0.9990  0.9990  0.9990  0.9990 
 0.1990  0.4980  0.5660  0.5000  0.5560  0.5650  0.5000  0.5000  0.5000  0.5000  0.9670  0.9990  0.9990  0.9990  0.9990  0.9990  0.9990  0.9990  0.9990  0.9990  0.9990  0.9990  0.9990  0.9990  1.0000  0.9990  0.9990  0.9990  0.9990  0.9990  0.9990  0.9990  0.9990 
 0.1990  0.4980  0.5660  0.5000  0.5560  0.5650  0.5000  0.5000  0.5000  0.5000  0.9670  0.9990  0.9990  0.9990  0.9990  0.9990  0.9990  0.9990  0.9990  0.9990  0.9990  0.9990  0.9990  0.9990  0.9990  1.0000  0.9990  0.9990  0.9990  0.9990  0.9990  0.9990  0.9990 
 0.1990  0.4980  0.5660  0.5000  0.5560  0.5650  0.5000  0.5000  0.5000  0.5000  0.9670  0.9990  0.9990  0.9990  0.9990  0.9990  0.9990  0.9990  0.9990  0.9990  0.9990  0.9990  0.9990  0.9990  0.9990  0.9990  1.0000  0.9990  0.9990  0.9990  0.9990  0.9990  0.9990 
 0.1990  0.4980  0.5660  0.5000  0.5560  0.5650  0.5000  0.5000  0.5000  0.5000  0.9670  0.9990  0.9990  0.9990  0.9990  0.9990  0.9990  0.9990  0.9990  0.9990  0.9990  0.9990  0.9990  0.9990  0.9990  0.9990  0.9990  1.0000  0.9990  0.9990  0.9990  0.9990  0.9990 
 0.1990  0.4980  0.5660  0.5000  0.5560  0.5650  0.5000  0.5000  0.5000  0.5000  0.9670  0.9990  0.9990  0.9990  0.9990  0.9990  0.9990  0.9990  0.9990  0.9990  0.9990  0.9990  0.9990  0.9990  0.9990  0.9990  0.9990  0.9990  1.0000  0.9990  0.9990  0.9990  0.9990 
 0.1990  0.4980  0.5660  0.5000  0.5560  0.5650  0.5000  0.5000  0.5000  0.5000  0.9670  0.9990  0.9990  0.9990  0.9990  0.9990  0.9990  0.9990  0.9990  0.9990  0.9990  0.9990  0.9990  0.9990  0.9990  0.9990  0.9990  0.9990  0.9990  1.0000  0.9990  0.9990  0.9990 
 0.1990  0.4980  0.5660  0.5000  0.5560  0.5650  0.5000  0.5000  0.5000  0.5000  0.9670  0.9990  0.9990  0.9990  0.9990  0.9990  0.9990  0.9990  0.9990  0.9990  0.9990  0.9990  0.9990  0.9990  0.9990  0.9990  0.9990  0.9990  0.9990  0.9990  1.0000  0.9990  0.9990 
 0.1990  0.4980  0.5660  0.5000  0.5560  0.5650  0.5000  0.5000  0.5000  0.5000  0.9670  0.9990  0.9990  0.9990  0.9990  0.9990  0.9990  0.9990  0.9990  0.9990  0.9990  0.9990  0.9990  0.9990  0.9990  0.9990  0.9990  0.9990  0.9990  0.9990  0.9990  1.0000  0.9990 
 0.1990  0.4980  0.5660  0.5000  0.5560  0.5650  0.5000  0.5000  0.5000  0.5000  0.9670  0.9990  0.9990  0.9990  0.9990  0.9990  0.9990  0.9990  0.9990  0.9990  0.9990  0.9990  0.9990  0.9990  0.9990  0.9990  0.9990  0.9990  0.9990  0.9990  0.9990  0.9990  1.0000 
