 1.0000  0.8750  0.9650  0.9210  0.8280  0.8680  0.8750  0.7740  0.7510  0.7540  0.7610  0.7640  0.7620  0.7550  0.7440  0.7440  0.7440  0.7440  0.0200  0.0000  0.0000  0.0000  0.0000  0.0000  0.0000  0.0000  0.0000  0.0000  0.0000  0.0000  0.0000  0.0000  0.0000 
 0.8750  1.0000  0.9610  0.6230  0.4640  0.5460  0.7430  0.7780  0.7670  0.7350  0.7270  0.7420  0.7870  0.8080  0.8190  0.8190  0.8190  0.8190  0.0230  0.0000  0.0000  0.0000  0.0000  0.0000  0.0000  0.0000  0.0000  0.0000  0.0000  0.0000  0.0000  0.0000  0.0000 
 0.9650  0.9610  1.0000  0.8020  0.6700  0.7260  0.8200  0.7850  0.7710  0.7590  0.7600  0.7710  0.7950  0.8040  0.8050  0.8050  0.8050  0.8050  0.0230  0.0000  0.0000  0.0000  0.0000  0.0000  0.0000  0.0000  0.0000  0.0000  0.0000  0.0000  0.0000  0.0000  0.0000 
 0.9210  0.6230  0.8020  1.0000  0.9760  0.9720  0.8260  0.6340  0.6060  0.6370  0.6560  0.6500  0.6150  0.5930  0.5690  0.5690  0.5690  0.5690  0.0150  0.0000  0.0000  0.0000  0.0000  0.0000  0.0000  0.0000  0.0000  0.0000  0.0000  0.0000  0.0000  0.0000  0.0000 
 0.8280  0.4640  0.6700  0.9760  1.0000  0.9830  0.7890  0.5660  0.5320  0.5730  0.5940  0.5850  0.5330  0.5010  0.4710  0.4710  0.4710  0.4710  0.0130  0.0000  0.0000  0.0000  0.0000  0.0000  0.0000  0.0000  0.0000  0.0000  0.0000  0.0000  0.0000  0.0000  0.0000 
 0.8680  0.5460  0.7260  0.9720  0.9830  1.0000  0.8790  0.6910  0.6600  0.6900  0.7050  0.6950  0.6500  0.6210  0.5930  0.5930  0.5930  0.5930  0.0160  0.0000  0.0000  0.0000  0.0000  0.0000  0.0000  0.0000  0.0000  0.0000  0.0000  0.0000  0.0000  0.0000  0.0000 
 0.8750  0.7430  0.8200  0.8260  0.7890  0.8790  1.0000  0.9470  0.9230  0.9190  0.9110  0.9020  0.8860  0.8720  0.8550  0.8550  0.8550  0.8550  0.0240  0.0000  0.0000  0.0000  0.0000  0.0000  0.0000  0.0000  0.0000  0.0000  0.0000  0.0000  0.0000  0.0000  0.0000 
 0.7740  0.7780  0.7850  0.6340  0.5660  0.6910  0.9470  1.0000  0.9910  0.9730  0.9540  0.9450  0.9450  0.9390  0.9260  0.9260  0.9260  0.9260  0.0260  0.0000  0.0000  0.0000  0.0000  0.0000  0.0000  0.0000  0.0000  0.0000  0.0000  0.0000  0.0000  0.0000  0.0000 
 0.7510  0.7670  0.7710  0.6060  0.5320  0.6600  0.9230  0.9910  1.0000  0.9870  0.9720  0.9620  0.9580  0.9500  0.9350  0.9350  0.9350  0.9350  0.0260  0.0000  0.0000  0.0000  0.0000  0.0000  0.0000  0.0000  0.0000  0.0000  0.0000  0.0000  0.0000  0.0000  0.0000 
 0.7540  0.7350  0.7590  0.6370  0.5730  0.6900  0.9190  0.9730  0.9870  1.0000  0.9930  0.9860  0.9710  0.9530  0.9310  0.9310  0.9310  0.9310  0.0260  0.0000  0.0000  0.0000  0.0000  0.0000  0.0000  0.0000  0.0000  0.0000  0.0000  0.0000  0.0000  0.0000  0.0000 
 0.7610  0.7270  0.7600  0.6560  0.5940  0.7050  0.9110  0.9540  0.9720  0.9930  1.0000  0.9940  0.9780  0.9590  0.9350  0.9350  0.9350  0.9350  0.0260  0.0000  0.0000  0.0000  0.0000  0.0000  0.0000  0.0000  0.0000  0.0000  0.0000  0.0000  0.0000  0.0000  0.0000 
 0.7640  0.7420  0.7710  0.6500  0.5850  0.6950  0.9020  0.9450  0.9620  0.9860  0.9940  1.0000  0.9850  0.9690  0.9480  0.9480  0.9480  0.9480  0.0270  0.0000  0.0000  0.0000  0.0000  0.0000  0.0000  0.0000  0.0000  0.0000  0.0000  0.0000  0.0000  0.0000  0.0000 
 0.7620  0.7870  0.7950  0.6150  0.5330  0.6500  0.8860  0.9450  0.9580  0.9710  0.9780  0.9850  1.0000  0.9930  0.9820  0.9820  0.9820  0.9820  0.0280  0.0000  0.0000  0.0000  0.0000  0.0000  0.0000  0.0000  0.0000  0.0000  0.0000  0.0000  0.0000  0.0000  0.0000 
 0.7550  0.8080  0.8040  0.5930  0.5010  0.6210  0.8720  0.9390  0.9500  0.9530  0.9590  0.9690  0.9930  1.0000  0.9940  0.9940  0.9940  0.9940  0.0280  0.0000  0.0000  0.0000  0.0000  0.0000  0.0000  0.0000  0.0000  0.0000  0.0000  0.0000  0.0000  0.0000  0.0000 
 0.7440  0.8190  0.8050  0.5690  0.4710  0.5930  0.8550  0.9260  0.9350  0.9310  0.9350  0.9480  0.9820  0.9940  1.0000  0.9990  0.9990  0.9990  0.0280  0.0000  0.0000  0.0000  0.0000  0.0000  0.0000  0.0000  0.0000  0.0000  0.0000  0.0000  0.0000  0.0000  0.0000 
 0.7440  0.8190  0.8050  0.5690  0.4710  0.5930  0.8550  0.9260  0.9350  0.9310  0.9350  0.9480  0.9820  0.9940  0.9990  1.0000  0.9990  0.9990  0.0280  0.0000  0.0000  0.0000  0.0000  0.0000  0.0000  0.0000  0.0000  0.0000  0.0000  0.0000  0.0000  0.0000  0.0000 
 0.7440  0.8190  0.8050  0.5690  0.4710  0.5930  0.8550  0.9260  0.9350  0.9310  0.9350  0.9480  0.9820  0.9940  0.9990  0.9990  1.0000  0.9990  0.0280  0.0000  0.0000  0.0000  0.0000  0.0000  0.0000  0.0000  0.0000  0.0000  0.0000  0.0000  0.0000  0.0000  0.0000 
 0.7440  0.8190  0.8050  0.5690  0.4710  0.5930  0.8550  0.9260  0.9350  0.9310  0.9350  0.9480  0.9820  0.9940  0.9990  0.9990  0.9990  1.0000  0.0280  0.0000  0.0000  0.0000  0.0000  0.0000  0.0000  0.0000  0.0000  0.0000  0.0000  0.0000  0.0000  0.0000  0.0000 
 0.0200  0.0230  0.0230  0.0150  0.0130  0.0160  0.0240  0.0260  0.0260  0.0260  0.0260  0.0270  0.0280  0.0280  0.0280  0.0280  0.0280  0.0280  1.0000  0.9980  0.9980  0.9980  0.9980  0.9980  0.9980  0.9980  0.9980  0.9980  0.9980  0.9980  0.9980  0.3810  0.0000 
 0.0000  0.0000  0.0000  0.0000  0.0000  0.0000  0.0000  0.0000  0.0000  0.0000  0.0000  0.0000  0.0000  0.0000  0.0000  0.0000  0.0000  0.0000  0.9980  1.0000  0.9990  0.9990  0.9990  0.9990  0.9990  0.9990  0.9990  0.9990  0.9990  0.9990  0.9990  0.3820  0.0000 
 0.0000  0.0000  0.0000  0.0000  0.0000  0.0000  0.0000  0.0000  0.0000  0.0000  0.0000  0.0000  0.0000  0.0000  0.0000  0.0000  0.0000  0.0000  0.9980  0.9990  1.0000  0.9990  0.9990  0.9990  0.9990  0.9990  0.9990  0.9990  0.9990  0.9990  0.9990  0.3820  0.0000 
 0.0000  0.0000  0.0000  0.0000  0.0000  0.0000  0.0000  0.0000  0.0000  0.0000  0.0000  0.0000  0.0000  0.0000  0.0000  0.0000  0.0000  0.0000  0.9980  0.9990  0.9990  1.0000  0.9990  0.9990  0.9990  0.9990  0.9990  0.9990  0.9990  0.9990  0.9990  0.3820  0.0000 
 0.0000  0.0000  0.0000  0.0000  0.0000  0.0000  0.0000  0.0000  0.0000  0.0000  0.0000  0.0000  0.0000  0.0000  0.0000  0.0000  0.0000  0.0000  0.9980  0.9990  0.9990  0.9990  1.0000  0.9990  0.9990  0.9990  0.9990  0.9990  0.9990  0.9990  0.9990  0.3820  0.0000 
 0.0000  0.0000  0.0000  0.0000  0.0000  0.0000  0.0000  0.0000  0.0000  0.0000  0.0000  0.0000  0.0000  0.0000  0.0000  0.0000  0.0000  0.0000  0.9980  0.9990  0.9990  0.9990  0.9990  1.0000  0.9990  0.9990  0.9990  0.9990  0.9990  0.9990  0.9990  0.3820  0.0000 
 0.0000  0.0000  0.0000  0.0000  0.0000  0.0000  0.0000  0.0000  0.0000  0.0000  0.0000  0.0000  0.0000  0.0000  0.0000  0.0000  0.0000  0.0000  0.9980  0.9990  0.9990  0.9990  0.9990  0.9990  1.0000  0.9990  0.9990  0.9990  0.9990  0.9990  0.9990  0.3820  0.0000 
 0.0000  0.0000  0.0000  0.0000  0.0000  0.0000  0.0000  0.0000  0.0000  0.0000  0.0000  0.0000  0.0000  0.0000  0.0000  0.0000  0.0000  0.0000  0.9980  0.9990  0.9990  0.9990  0.9990  0.9990  0.9990  1.0000  0.9990  0.9990  0.9990  0.9990  0.9990  0.3820  0.0000 
 0.0000  0.0000  0.0000  0.0000  0.0000  0.0000  0.0000  0.0000  0.0000  0.0000  0.0000  0.0000  0.0000  0.0000  0.0000  0.0000  0.0000  0.0000  0.9980  0.9990  0.9990  0.9990  0.9990  0.9990  0.9990  0.9990  1.0000  0.9990  0.9990  0.9990  0.9990  0.3820  0.0000 
 0.0000  0.0000  0.0000  0.0000  0.0000  0.0000  0.0000  0.0000  0.0000  0.0000  0.0000  0.0000  0.0000  0.0000  0.0000  0.0000  0.0000  0.0000  0.9980  0.9990  0.9990  0.9990  0.9990  0.9990  0.9990  0.9990  0.9990  1.0000  0.9990  0.9990  0.9990  0.3820  0.0000 
 0.0000  0.0000  0.0000  0.0000  0.0000  0.0000  0.0000  0.0000  0.0000  0.0000  0.0000  0.0000  0.0000  0.0000  0.0000  0.0000  0.0000  0.0000  0.9980  0.9990  0.9990  0.9990  0.9990  0.9990  0.9990  0.9990  0.9990  0.9990  1.0000  0.9990  0.9990  0.3820  0.0000 
 0.0000  0.0000  0.0000  0.0000  0.0000  0.0000  0.0000  0.0000  0.0000  0.0000  0.0000  0.0000  0.0000  0.0000  0.0000  0.0000  0.0000  0.0000  0.9980  0.9990  0.9990  0.9990  0.9990  0.9990  0.9990  0.9990  0.9990  0.9990  0.9990  1.0000  0.9990  0.3820  0.0000 
 0.0000  0.0000  0.0000  0.0000  0.0000  0.0000  0.0000  0.0000  0.0000  0.0000  0.0000  0.0000  0.0000  0.0000  0.0000  0.0000  0.0000  0.0000  0.9980  0.9990  0.9990  0.9990  0.9990  0.9990  0.9990  0.9990  0.9990  0.9990  0.9990  0.9990  1.0000  0.3820  0.0000 
 0.0000  0.0000  0.0000  0.0000  0.0000  0.0000  0.0000  0.0000  0.0000  0.0000  0.0000  0.0000  0.0000  0.0000  0.0000  0.0000  0.0000  0.0000  0.3810  0.3820  0.3820  0.3820  0.3820  0.3820  0.3820  0.3820  0.3820  0.3820  0.3820  0.3820  0.3820  1.0000  0.9220 
 0.0000  0.0000  0.0000  0.0000  0.0000  0.0000  0.0000  0.0000  0.0000  0.0000  0.0000  0.0000  0.0000  0.0000  0.0000  0.0000  0.0000  0.0000  0.0000  0.0000  0.0000  0.0000  0.0000  0.0000  0.0000  0.0000  0.0000  0.0000  0.0000  0.0000  0.0000  0.9220  1.0000 
