 1.0000  0.4978  0.0921  0.0866  0.0645  0.0901  0.1034  0.1034  0.1034  0.0755  0.0000  0.0000  0.0000  0.0000  0.0000  0.0000  0.0000  0.0000  0.0000  0.0000  0.0000  0.0000  0.0000  0.0000  0.0000  0.0000  0.0000  0.0000  0.0000  0.0000  0.0000  0.0000  0.0000 
 0.4978  1.0000  0.5437  0.5213  0.3966  0.4209  0.3332  0.3147  0.2845  0.2163  0.0000  0.0000  0.0000  0.0000  0.0000  0.0000  0.0000  0.0000  0.0000  0.0000  0.0000  0.0000  0.0000  0.0000  0.0000  0.0000  0.0000  0.0000  0.0000  0.0000  0.0000  0.0000  0.0000 
 0.0921  0.5437  1.0000  0.9270  0.8940  0.7540  0.4060  0.3430  0.2540  0.2170  0.0000  0.0000  0.0000  0.0000  0.0000  0.0000  0.0000  0.0000  0.0000  0.0000  0.0000  0.0000  0.0000  0.0000  0.0000  0.0000  0.0000  0.0000  0.0000  0.0000  0.0000  0.0000  0.0000 
 0.0866  0.5213  0.9270  1.0000  0.9760  0.9360  0.7070  0.6580  0.5860  0.4550  0.0000  0.0000  0.0000  0.0000  0.0000  0.0000  0.0000  0.0000  0.0000  0.0000  0.0000  0.0000  0.0000  0.0000  0.0000  0.0000  0.0000  0.0000  0.0000  0.0000  0.0000  0.0000  0.0000 
 0.0645  0.3966  0.8940  0.9760  1.0000  0.9490  0.7190  0.6690  0.5960  0.4640  0.0000  0.0000  0.0000  0.0000  0.0000  0.0000  0.0000  0.0000  0.0000  0.0000  0.0000  0.0000  0.0000  0.0000  0.0000  0.0000  0.0000  0.0000  0.0000  0.0000  0.0000  0.0000  0.0000 
 0.0901  0.4209  0.7540  0.9360  0.9490  1.0000  0.8980  0.8650  0.8130  0.6170  0.0000  0.0000  0.0000  0.0000  0.0000  0.0000  0.0000  0.0000  0.0000  0.0000  0.0000  0.0000  0.0000  0.0000  0.0000  0.0000  0.0000  0.0000  0.0000  0.0000  0.0000  0.0000  0.0000 
 0.1034  0.3332  0.4060  0.7070  0.7190  0.8980  1.0000  0.9960  0.9850  0.7300  0.0000  0.0000  0.0000  0.0000  0.0000  0.0000  0.0000  0.0000  0.0000  0.0000  0.0000  0.0000  0.0000  0.0000  0.0000  0.0000  0.0000  0.0000  0.0000  0.0000  0.0000  0.0000  0.0000 
 0.1034  0.3147  0.3430  0.6580  0.6690  0.8650  0.9960  1.0000  0.9940  0.7330  0.0000  0.0000  0.0000  0.0000  0.0000  0.0000  0.0000  0.0000  0.0000  0.0000  0.0000  0.0000  0.0000  0.0000  0.0000  0.0000  0.0000  0.0000  0.0000  0.0000  0.0000  0.0000  0.0000 
 0.1034  0.2845  0.2540  0.5860  0.5960  0.8130  0.9850  0.9940  1.0000  0.7330  0.0000  0.0000  0.0000  0.0000  0.0000  0.0000  0.0000  0.0000  0.0000  0.0000  0.0000  0.0000  0.0000  0.0000  0.0000  0.0000  0.0000  0.0000  0.0000  0.0000  0.0000  0.0000  0.0000 
 0.0755  0.2163  0.2170  0.4550  0.4640  0.6170  0.7300  0.7330  0.7330  1.0000  0.5780  0.5780  0.5780  0.5780  0.5780  0.5640  0.0000  0.0000  0.0000  0.0000  0.0000  0.0000  0.0000  0.0000  0.0000  0.0000  0.0000  0.0000  0.0000  0.0000  0.0000  0.0000  0.0000 
 0.0000  0.0000  0.0000  0.0000  0.0000  0.0000  0.0000  0.0000  0.0000  0.5780  1.0000  0.9990  0.9990  0.9990  0.9970  0.9720  0.0000  0.0000  0.0000  0.0000  0.0000  0.0000  0.0000  0.0000  0.0000  0.0000  0.0000  0.0000  0.0000  0.0000  0.0000  0.0000  0.0000 
 0.0000  0.0000  0.0000  0.0000  0.0000  0.0000  0.0000  0.0000  0.0000  0.5780  0.9990  1.0000  0.9990  0.9990  0.9980  0.9730  0.0000  0.0000  0.0000  0.0000  0.0000  0.0000  0.0000  0.0000  0.0000  0.0000  0.0000  0.0000  0.0000  0.0000  0.0000  0.0000  0.0000 
 0.0000  0.0000  0.0000  0.0000  0.0000  0.0000  0.0000  0.0000  0.0000  0.5780  0.9990  0.9990  1.0000  0.9990  0.9980  0.9740  0.0000  0.0000  0.0000  0.0000  0.0000  0.0000  0.0000  0.0000  0.0000  0.0000  0.0000  0.0000  0.0000  0.0000  0.0000  0.0000  0.0000 
 0.0000  0.0000  0.0000  0.0000  0.0000  0.0000  0.0000  0.0000  0.0000  0.5780  0.9990  0.9990  0.9990  1.0000  0.9980  0.9750  0.0000  0.0000  0.0000  0.0000  0.0000  0.0000  0.0000  0.0000  0.0000  0.0000  0.0000  0.0000  0.0000  0.0000  0.0000  0.0000  0.0000 
 0.0000  0.0000  0.0000  0.0000  0.0000  0.0000  0.0000  0.0000  0.0000  0.5780  0.9970  0.9980  0.9980  0.9980  1.0000  0.9740  0.0000  0.0000  0.0000  0.0000  0.0000  0.0000  0.0000  0.0000  0.0000  0.0000  0.0000  0.0000  0.0000  0.0000  0.0000  0.0000  0.0000 
 0.0000  0.0000  0.0000  0.0000  0.0000  0.0000  0.0000  0.0000  0.0000  0.5640  0.9720  0.9730  0.9740  0.9750  0.9740  1.0000  0.0050  0.0000  0.0000  0.0000  0.0000  0.0000  0.0000  0.0000  0.0000  0.0000  0.0000  0.0000  0.0000  0.0000  0.0000  0.0000  0.0000 
 0.0000  0.0000  0.0000  0.0000  0.0000  0.0000  0.0000  0.0000  0.0000  0.0000  0.0000  0.0000  0.0000  0.0000  0.0000  0.0050  1.0000  0.0570  0.0000  0.0000  0.0000  0.0000  0.0000  0.0000  0.0010  0.0000  0.0000  0.0000  0.0000  0.0000  0.0000  0.0000  0.0000 
 0.0000  0.0000  0.0000  0.0000  0.0000  0.0000  0.0000  0.0000  0.0000  0.0000  0.0000  0.0000  0.0000  0.0000  0.0000  0.0000  0.0570  1.0000  0.0540  0.0000  0.0000  0.0000  0.0000  0.0010  0.0030  0.0010  0.0010  0.0000  0.0000  0.0000  0.0000  0.0000  0.0010 
 0.0000  0.0000  0.0000  0.0000  0.0000  0.0000  0.0000  0.0000  0.0000  0.0000  0.0000  0.0000  0.0000  0.0000  0.0000  0.0000  0.0000  0.0540  1.0000  0.3540  0.0000  0.0000  0.0000  0.0040  0.0070  0.0030  0.0020  0.0000  0.0000  0.0000  0.0000  0.0010  0.0010 
 0.0000  0.0000  0.0000  0.0000  0.0000  0.0000  0.0000  0.0000  0.0000  0.0000  0.0000  0.0000  0.0000  0.0000  0.0000  0.0000  0.0000  0.0000  0.3540  1.0000  0.2230  0.0000  0.0000  0.0060  0.0110  0.0040  0.0040  0.0000  0.0010  0.0000  0.0010  0.0010  0.0020 
 0.0000  0.0000  0.0000  0.0000  0.0000  0.0000  0.0000  0.0000  0.0000  0.0000  0.0000  0.0000  0.0000  0.0000  0.0000  0.0000  0.0000  0.0000  0.0000  0.2230  1.0000  0.1010  0.0010  0.0070  0.0120  0.0040  0.0040  0.0000  0.0010  0.0000  0.0000  0.0020  0.0010 
 0.0000  0.0000  0.0000  0.0000  0.0000  0.0000  0.0000  0.0000  0.0000  0.0000  0.0000  0.0000  0.0000  0.0000  0.0000  0.0000  0.0000  0.0000  0.0000  0.0000  0.1010  1.0000  0.1030  0.0260  0.0450  0.0140  0.0130  0.0010  0.0020  0.0010  0.0040  0.0050  0.0060 
 0.0000  0.0000  0.0000  0.0000  0.0000  0.0000  0.0000  0.0000  0.0000  0.0000  0.0000  0.0000  0.0000  0.0000  0.0000  0.0000  0.0000  0.0000  0.0000  0.0000  0.0010  0.1030  1.0000  0.0600  0.0650  0.0150  0.0130  0.0010  0.0020  0.0010  0.0030  0.0040  0.0050 
 0.0000  0.0000  0.0000  0.0000  0.0000  0.0000  0.0000  0.0000  0.0000  0.0000  0.0000  0.0000  0.0000  0.0000  0.0000  0.0000  0.0000  0.0010  0.0040  0.0060  0.0070  0.0260  0.0600  1.0000  0.1070  0.0310  0.0310  0.0180  0.0090  0.0080  0.0230  0.0390  0.0400 
 0.0000  0.0000  0.0000  0.0000  0.0000  0.0000  0.0000  0.0000  0.0000  0.0000  0.0000  0.0000  0.0000  0.0000  0.0000  0.0000  0.0010  0.0030  0.0070  0.0110  0.0120  0.0450  0.0650  0.1070  1.0000  0.2270  0.1000  0.0610  0.0290  0.0250  0.0700  0.1120  0.1170 
 0.0000  0.0000  0.0000  0.0000  0.0000  0.0000  0.0000  0.0000  0.0000  0.0000  0.0000  0.0000  0.0000  0.0000  0.0000  0.0000  0.0000  0.0010  0.0030  0.0040  0.0040  0.0140  0.0150  0.0310  0.2270  1.0000  0.1940  0.0940  0.0340  0.0240  0.0640  0.1010  0.1040 
 0.0000  0.0000  0.0000  0.0000  0.0000  0.0000  0.0000  0.0000  0.0000  0.0000  0.0000  0.0000  0.0000  0.0000  0.0000  0.0000  0.0000  0.0010  0.0020  0.0040  0.0040  0.0130  0.0130  0.0310  0.1000  0.1940  1.0000  0.8560  0.2220  0.0900  0.1990  0.2880  0.2950 
 0.0000  0.0000  0.0000  0.0000  0.0000  0.0000  0.0000  0.0000  0.0000  0.0000  0.0000  0.0000  0.0000  0.0000  0.0000  0.0000  0.0000  0.0000  0.0000  0.0000  0.0000  0.0010  0.0010  0.0180  0.0610  0.0940  0.8560  1.0000  0.5710  0.0650  0.1170  0.1520  0.1520 
 0.0000  0.0000  0.0000  0.0000  0.0000  0.0000  0.0000  0.0000  0.0000  0.0000  0.0000  0.0000  0.0000  0.0000  0.0000  0.0000  0.0000  0.0000  0.0000  0.0010  0.0010  0.0020  0.0020  0.0090  0.0290  0.0340  0.2220  0.5710  1.0000  0.2070  0.2320  0.2220  0.2170 
 0.0000  0.0000  0.0000  0.0000  0.0000  0.0000  0.0000  0.0000  0.0000  0.0000  0.0000  0.0000  0.0000  0.0000  0.0000  0.0000  0.0000  0.0000  0.0000  0.0000  0.0000  0.0010  0.0010  0.0080  0.0250  0.0240  0.0900  0.0650  0.2070  1.0000  0.9260  0.6900  0.6450 
 0.0000  0.0000  0.0000  0.0000  0.0000  0.0000  0.0000  0.0000  0.0000  0.0000  0.0000  0.0000  0.0000  0.0000  0.0000  0.0000  0.0000  0.0000  0.0000  0.0010  0.0000  0.0040  0.0030  0.0230  0.0700  0.0640  0.1990  0.1170  0.2320  0.9260  1.0000  0.9020  0.8740 
 0.0000  0.0000  0.0000  0.0000  0.0000  0.0000  0.0000  0.0000  0.0000  0.0000  0.0000  0.0000  0.0000  0.0000  0.0000  0.0000  0.0000  0.0000  0.0010  0.0010  0.0020  0.0050  0.0040  0.0390  0.1120  0.1010  0.2880  0.1520  0.2220  0.6900  0.9020  1.0000  0.9970 
 0.0000  0.0000  0.0000  0.0000  0.0000  0.0000  0.0000  0.0000  0.0000  0.0000  0.0000  0.0000  0.0000  0.0000  0.0000  0.0000  0.0000  0.0010  0.0010  0.0020  0.0010  0.0060  0.0050  0.0400  0.1170  0.1040  0.2950  0.1520  0.2170  0.6450  0.8740  0.9970  1.0000 
