 1.0000  0.1290  0.1170  0.0080  0.0000  0.0000  0.0000  0.0000  0.0000  0.0000  0.0000  0.0000  0.0000  0.0000  0.0000  0.0000  0.0000  0.0000  0.0000  0.0000  0.0000  0.0000  0.0000  0.0000  0.0000  0.0000  0.0000  0.0000  0.0000  0.0000  0.0000  0.0000  0.0000 
 0.1290  1.0000  0.8110  0.2550  0.2160  0.1570  0.0000 -0.0060 -0.0060 -0.0060  0.0000  0.0040  0.0040  0.0040  0.0040  0.0040  0.0040  0.0040  0.0040  0.0000  0.0000  0.0000  0.0000  0.0000  0.0000  0.0000  0.0000  0.0000  0.0000  0.0000  0.0000  0.0000  0.0000 
 0.1170  0.8110  1.0000  0.6640  0.4290  0.3650  0.1260  0.1360  0.1360  0.1360  0.1250  0.0980  0.0980  0.0980  0.0980  0.0980  0.0980  0.0980  0.0980  0.0520  0.0000  0.0000  0.0000  0.0000  0.0000  0.0000  0.0000  0.0000  0.0000  0.0000  0.0000  0.0000  0.0000 
 0.0080  0.2550  0.6640  1.0000  0.6420  0.6190  0.3540  0.3730  0.3730  0.3730  0.3320  0.2540  0.2540  0.2540  0.2540  0.2540  0.2540  0.2540  0.2540  0.1520  0.0120  0.0120  0.0120  0.0120  0.0120  0.0120  0.0120  0.0120  0.0120  0.0130  0.0140  0.0130  0.0150 
 0.0000  0.2160  0.4290  0.6420  1.0000  0.9280  0.5010  0.3410  0.3410  0.3410  0.3010  0.2350  0.2350  0.2350  0.2350  0.2350  0.2350  0.2350  0.2350  0.1400  0.0130  0.0130  0.0130  0.0130  0.0130  0.0130  0.0130  0.0130  0.0130  0.0120  0.0100  0.0110  0.0130 
 0.0000  0.1570  0.3650  0.6190  0.9280  1.0000  0.7350  0.4460  0.4460  0.4460  0.3820  0.2830  0.2830  0.2830  0.2830  0.2830  0.2830  0.2830  0.2830  0.1640  0.0060  0.0060  0.0060  0.0060  0.0060  0.0060  0.0060  0.0060  0.0060  0.0070  0.0050  0.0070  0.0060 
 0.0000  0.0000  0.1260  0.3540  0.5010  0.7350  1.0000  0.4980  0.4980  0.4980  0.4070  0.2770  0.2770  0.2770  0.2770  0.2770  0.2770  0.2770  0.2770  0.1530  0.0000  0.0000  0.0000  0.0000  0.0000  0.0000  0.0000  0.0000  0.0000  0.0000  0.0000  0.0000  0.0000 
 0.0000 -0.0060  0.1360  0.3730  0.3410  0.4460  0.4980  1.0000  0.9990  0.9990  0.8600  0.5920  0.5920  0.5920  0.5920  0.5920  0.5920  0.5920  0.5920  0.3880  0.0910  0.0910  0.0910  0.0910  0.0910  0.0910  0.0910  0.0910  0.0910  0.0910  0.0890  0.0910  0.0900 
 0.0000 -0.0060  0.1360  0.3730  0.3410  0.4460  0.4980  0.9990  1.0000  0.9990  0.8600  0.5920  0.5920  0.5920  0.5920  0.5920  0.5920  0.5920  0.5920  0.3880  0.0910  0.0910  0.0910  0.0910  0.0910  0.0910  0.0910  0.0910  0.0910  0.0910  0.0890  0.0910  0.0900 
 0.0000 -0.0060  0.1360  0.3730  0.3410  0.4460  0.4980  0.9990  0.9990  1.0000  0.8600  0.5920  0.5920  0.5920  0.5920  0.5920  0.5920  0.5920  0.5920  0.3880  0.0910  0.0910  0.0910  0.0910  0.0910  0.0910  0.0910  0.0910  0.0910  0.0910  0.0890  0.0910  0.0900 
 0.0000  0.0000  0.1250  0.3320  0.3010  0.3820  0.4070  0.8600  0.8600  0.8600  1.0000  0.9170  0.9170  0.9170  0.9170  0.9170  0.9170  0.9170  0.9170  0.7990  0.5790  0.5790  0.5790  0.5790  0.5790  0.5790  0.5790  0.5790  0.5790  0.5790  0.5790  0.5790  0.5770 
 0.0000  0.0040  0.0980  0.2540  0.2350  0.2830  0.2770  0.5920  0.5920  0.5920  0.9170  1.0000  0.9990  0.9990  0.9990  0.9990  0.9990  0.9990  0.9990  0.9700  0.8490  0.8490  0.8490  0.8490  0.8490  0.8490  0.8490  0.8490  0.8490  0.8490  0.8480  0.8490  0.8470 
 0.0000  0.0040  0.0980  0.2540  0.2350  0.2830  0.2770  0.5920  0.5920  0.5920  0.9170  0.9990  1.0000  0.9990  0.9990  0.9990  0.9990  0.9990  0.9990  0.9700  0.8490  0.8490  0.8490  0.8490  0.8490  0.8490  0.8490  0.8490  0.8490  0.8490  0.8480  0.8490  0.8470 
 0.0000  0.0040  0.0980  0.2540  0.2350  0.2830  0.2770  0.5920  0.5920  0.5920  0.9170  0.9990  0.9990  1.0000  0.9990  0.9990  0.9990  0.9990  0.9990  0.9700  0.8490  0.8490  0.8490  0.8490  0.8490  0.8490  0.8490  0.8490  0.8490  0.8490  0.8480  0.8490  0.8470 
 0.0000  0.0040  0.0980  0.2540  0.2350  0.2830  0.2770  0.5920  0.5920  0.5920  0.9170  0.9990  0.9990  0.9990  1.0000  0.9990  0.9990  0.9990  0.9990  0.9700  0.8490  0.8490  0.8490  0.8490  0.8490  0.8490  0.8490  0.8490  0.8490  0.8490  0.8480  0.8490  0.8470 
 0.0000  0.0040  0.0980  0.2540  0.2350  0.2830  0.2770  0.5920  0.5920  0.5920  0.9170  0.9990  0.9990  0.9990  0.9990  1.0000  0.9990  0.9990  0.9990  0.9700  0.8490  0.8490  0.8490  0.8490  0.8490  0.8490  0.8490  0.8490  0.8490  0.8490  0.8480  0.8490  0.8470 
 0.0000  0.0040  0.0980  0.2540  0.2350  0.2830  0.2770  0.5920  0.5920  0.5920  0.9170  0.9990  0.9990  0.9990  0.9990  0.9990  1.0000  0.9990  0.9990  0.9700  0.8490  0.8490  0.8490  0.8490  0.8490  0.8490  0.8490  0.8490  0.8490  0.8490  0.8480  0.8490  0.8470 
 0.0000  0.0040  0.0980  0.2540  0.2350  0.2830  0.2770  0.5920  0.5920  0.5920  0.9170  0.9990  0.9990  0.9990  0.9990  0.9990  0.9990  1.0000  0.9990  0.9700  0.8490  0.8490  0.8490  0.8490  0.8490  0.8490  0.8490  0.8490  0.8490  0.8490  0.8480  0.8490  0.8470 
 0.0000  0.0040  0.0980  0.2540  0.2350  0.2830  0.2770  0.5920  0.5920  0.5920  0.9170  0.9990  0.9990  0.9990  0.9990  0.9990  0.9990  0.9990  1.0000  0.9700  0.8490  0.8490  0.8490  0.8490  0.8490  0.8490  0.8490  0.8490  0.8490  0.8490  0.8480  0.8490  0.8470 
 0.0000  0.0000  0.0520  0.1520  0.1400  0.1640  0.1530  0.3880  0.3880  0.3880  0.7990  0.9700  0.9700  0.9700  0.9700  0.9700  0.9700  0.9700  0.9700  1.0000  0.9480  0.9480  0.9480  0.9480  0.9480  0.9480  0.9480  0.9480  0.9480  0.9480  0.9470  0.9480  0.9460 
 0.0000  0.0000  0.0000  0.0120  0.0130  0.0060  0.0000  0.0910  0.0910  0.0910  0.5790  0.8490  0.8490  0.8490  0.8490  0.8490  0.8490  0.8490  0.8490  0.9480  1.0000  0.9990  0.9990  0.9990  0.9990  0.9990  0.9990  0.9990  0.9990  0.9920  0.9940  0.9940  0.9930 
 0.0000  0.0000  0.0000  0.0120  0.0130  0.0060  0.0000  0.0910  0.0910  0.0910  0.5790  0.8490  0.8490  0.8490  0.8490  0.8490  0.8490  0.8490  0.8490  0.9480  0.9990  1.0000  0.9990  0.9990  0.9990  0.9990  0.9990  0.9990  0.9990  0.9920  0.9940  0.9940  0.9930 
 0.0000  0.0000  0.0000  0.0120  0.0130  0.0060  0.0000  0.0910  0.0910  0.0910  0.5790  0.8490  0.8490  0.8490  0.8490  0.8490  0.8490  0.8490  0.8490  0.9480  0.9990  0.9990  1.0000  0.9990  0.9990  0.9990  0.9990  0.9990  0.9990  0.9920  0.9940  0.9940  0.9930 
 0.0000  0.0000  0.0000  0.0120  0.0130  0.0060  0.0000  0.0910  0.0910  0.0910  0.5790  0.8490  0.8490  0.8490  0.8490  0.8490  0.8490  0.8490  0.8490  0.9480  0.9990  0.9990  0.9990  1.0000  0.9990  0.9990  0.9990  0.9990  0.9990  0.9920  0.9940  0.9940  0.9930 
 0.0000  0.0000  0.0000  0.0120  0.0130  0.0060  0.0000  0.0910  0.0910  0.0910  0.5790  0.8490  0.8490  0.8490  0.8490  0.8490  0.8490  0.8490  0.8490  0.9480  0.9990  0.9990  0.9990  0.9990  1.0000  0.9990  0.9990  0.9990  0.9990  0.9920  0.9940  0.9940  0.9930 
 0.0000  0.0000  0.0000  0.0120  0.0130  0.0060  0.0000  0.0910  0.0910  0.0910  0.5790  0.8490  0.8490  0.8490  0.8490  0.8490  0.8490  0.8490  0.8490  0.9480  0.9990  0.9990  0.9990  0.9990  0.9990  1.0000  0.9990  0.9990  0.9990  0.9920  0.9940  0.9940  0.9930 
 0.0000  0.0000  0.0000  0.0120  0.0130  0.0060  0.0000  0.0910  0.0910  0.0910  0.5790  0.8490  0.8490  0.8490  0.8490  0.8490  0.8490  0.8490  0.8490  0.9480  0.9990  0.9990  0.9990  0.9990  0.9990  0.9990  1.0000  0.9990  0.9990  0.9920  0.9940  0.9940  0.9930 
 0.0000  0.0000  0.0000  0.0120  0.0130  0.0060  0.0000  0.0910  0.0910  0.0910  0.5790  0.8490  0.8490  0.8490  0.8490  0.8490  0.8490  0.8490  0.8490  0.9480  0.9990  0.9990  0.9990  0.9990  0.9990  0.9990  0.9990  1.0000  0.9990  0.9920  0.9940  0.9940  0.9930 
 0.0000  0.0000  0.0000  0.0120  0.0130  0.0060  0.0000  0.0910  0.0910  0.0910  0.5790  0.8490  0.8490  0.8490  0.8490  0.8490  0.8490  0.8490  0.8490  0.9480  0.9990  0.9990  0.9990  0.9990  0.9990  0.9990  0.9990  0.9990  1.0000  0.9920  0.9940  0.9940  0.9930 
 0.0000  0.0000  0.0000  0.0130  0.0120  0.0070  0.0000  0.0910  0.0910  0.0910  0.5790  0.8490  0.8490  0.8490  0.8490  0.8490  0.8490  0.8490  0.8490  0.9480  0.9920  0.9920  0.9920  0.9920  0.9920  0.9920  0.9920  0.9920  0.9920  1.0000  0.9930  0.9970  0.9950 
 0.0000  0.0000  0.0000  0.0140  0.0100  0.0050  0.0000  0.0890  0.0890  0.0890  0.5790  0.8480  0.8480  0.8480  0.8480  0.8480  0.8480  0.8480  0.8480  0.9470  0.9940  0.9940  0.9940  0.9940  0.9940  0.9940  0.9940  0.9940  0.9940  0.9930  1.0000  0.9940  0.9920 
 0.0000  0.0000  0.0000  0.0130  0.0110  0.0070  0.0000  0.0910  0.0910  0.0910  0.5790  0.8490  0.8490  0.8490  0.8490  0.8490  0.8490  0.8490  0.8490  0.9480  0.9940  0.9940  0.9940  0.9940  0.9940  0.9940  0.9940  0.9940  0.9940  0.9970  0.9940  1.0000  0.9960 
 0.0000  0.0000  0.0000  0.0150  0.0130  0.0060  0.0000  0.0900  0.0900  0.0900  0.5770  0.8470  0.8470  0.8470  0.8470  0.8470  0.8470  0.8470  0.8470  0.9460  0.9930  0.9930  0.9930  0.9930  0.9930  0.9930  0.9930  0.9930  0.9930  0.9950  0.9920  0.9960  1.0000 
