 1.0000  0.6200  0.4040  0.3880  0.3310  0.2720  0.2680  0.2030  0.0960  0.0530  0.0390  0.0080 -0.0140 -0.0140 -0.0150  0.0160  0.0270  0.0000  0.0000  0.0000  0.0000  0.0000  0.0000  0.0000  0.0000  0.0000  0.0000  0.0000  0.0000  0.0000  0.0000  0.0000  0.0000 
 0.6200  1.0000  0.9120  0.8800  0.7780  0.6540  0.5550  0.2180 -0.0590 -0.1640 -0.1970 -0.2650 -0.2850 -0.2850 -0.2730 -0.1970 -0.0760  0.0000  0.0000  0.0000  0.0000  0.0000  0.0000  0.0000  0.0000  0.0000  0.0000  0.0000  0.0000  0.0000  0.0000  0.0000  0.0000 
 0.4040  0.9120  1.0000  0.9850  0.9420  0.8570  0.7450  0.2480 -0.1430 -0.2810 -0.3250 -0.4140 -0.4500 -0.4450 -0.4300 -0.3260 -0.1300  0.0000  0.0000  0.0000  0.0000  0.0000  0.0000  0.0000  0.0000  0.0000  0.0000  0.0000  0.0000  0.0000  0.0000  0.0000  0.0000 
 0.3880  0.8800  0.9850  1.0000  0.9730  0.9080  0.8240  0.3810 -0.0190 -0.1660 -0.2140 -0.3120 -0.3590 -0.3560 -0.3450 -0.2340 -0.0750  0.0000  0.0000  0.0000  0.0000  0.0000  0.0000  0.0000  0.0000  0.0000  0.0000  0.0000  0.0000  0.0000  0.0000  0.0000  0.0000 
 0.3310  0.7780  0.9420  0.9730  1.0000  0.9760  0.9140  0.4580  0.0220 -0.1390 -0.1920 -0.2970 -0.3570 -0.3570 -0.3450 -0.2230 -0.0630  0.0000  0.0000  0.0000  0.0000  0.0000  0.0000  0.0000  0.0000  0.0000  0.0000  0.0000  0.0000  0.0000  0.0000  0.0000  0.0000 
 0.2720  0.6540  0.8570  0.9080  0.9760  1.0000  0.9690  0.5420  0.0980 -0.0690 -0.1260 -0.2370 -0.3080 -0.3140 -0.3020 -0.1780 -0.0360  0.0000  0.0000  0.0000  0.0000  0.0000  0.0000  0.0000  0.0000  0.0000  0.0000  0.0000  0.0000  0.0000  0.0000  0.0000  0.0000 
 0.2680  0.5550  0.7450  0.8240  0.9140  0.9690  1.0000  0.6980  0.2850  0.1170  0.0590 -0.0540 -0.1400 -0.1520 -0.1490 -0.0320  0.0420  0.0000  0.0000  0.0000  0.0000  0.0000  0.0000  0.0000  0.0000  0.0000  0.0000  0.0000  0.0000  0.0000  0.0000  0.0000  0.0000 
 0.2030  0.2180  0.2480  0.3810  0.4580  0.5420  0.6980  1.0000  0.8800  0.7830  0.7450  0.6620  0.5870  0.5700  0.5610  0.6220  0.3860  0.0000  0.0000  0.0000  0.0000  0.0000  0.0000  0.0000  0.0000  0.0000  0.0000  0.0000  0.0000  0.0000  0.0000  0.0000  0.0000 
 0.0960 -0.0590 -0.1430 -0.0190  0.0220  0.0980  0.2850  0.8800  1.0000  0.9820  0.9700  0.9350  0.8970  0.8830  0.8740  0.8850  0.5080  0.0000  0.0000  0.0000  0.0000  0.0000  0.0000  0.0000  0.0000  0.0000  0.0000  0.0000  0.0000  0.0000  0.0000  0.0000  0.0000 
 0.0530 -0.1640 -0.2810 -0.1660 -0.1390 -0.0690  0.1170  0.7830  0.9820  1.0000  0.9970  0.9810  0.9580  0.9480  0.9370  0.9300  0.5250  0.0000  0.0000  0.0000  0.0000  0.0000  0.0000  0.0000  0.0000  0.0000  0.0000  0.0000  0.0000  0.0000  0.0000  0.0000  0.0000 
 0.0390 -0.1970 -0.3250 -0.2140 -0.1920 -0.1260  0.0590  0.7450  0.9700  0.9970  1.0000  0.9900  0.9720  0.9630  0.9540  0.9400  0.5280  0.0000  0.0000  0.0000  0.0000  0.0000  0.0000  0.0000  0.0000  0.0000  0.0000  0.0000  0.0000  0.0000  0.0000  0.0000  0.0000 
 0.0080 -0.2650 -0.4140 -0.3120 -0.2970 -0.2370 -0.0540  0.6620  0.9350  0.9810  0.9900  1.0000  0.9900  0.9860  0.9760  0.9520  0.5290  0.0000  0.0000  0.0000  0.0000  0.0000  0.0000  0.0000  0.0000  0.0000  0.0000  0.0000  0.0000  0.0000  0.0000  0.0000  0.0000 
-0.0140 -0.2850 -0.4500 -0.3590 -0.3570 -0.3080 -0.1400  0.5870  0.8970  0.9580  0.9720  0.9900  1.0000  0.9950  0.9920  0.9660  0.5320  0.0000  0.0000  0.0000  0.0000  0.0000  0.0000  0.0000  0.0000  0.0000  0.0000  0.0000  0.0000  0.0000  0.0000  0.0000  0.0000 
-0.0140 -0.2850 -0.4450 -0.3560 -0.3570 -0.3140 -0.1520  0.5700  0.8830  0.9480  0.9630  0.9860  0.9950  1.0000  0.9950  0.9740  0.5390  0.0000  0.0000  0.0000  0.0000  0.0000  0.0000  0.0000  0.0000  0.0000  0.0000  0.0000  0.0000  0.0000  0.0000  0.0000  0.0000 
-0.0150 -0.2730 -0.4300 -0.3450 -0.3450 -0.3020 -0.1490  0.5610  0.8740  0.9370  0.9540  0.9760  0.9920  0.9950  1.0000  0.9830  0.5470  0.0000  0.0000  0.0000  0.0000  0.0000  0.0000  0.0000  0.0000  0.0000  0.0000  0.0000  0.0000  0.0000  0.0000  0.0000  0.0000 
 0.0160 -0.1970 -0.3260 -0.2340 -0.2230 -0.1780 -0.0320  0.6220  0.8850  0.9300  0.9400  0.9520  0.9660  0.9740  0.9830  1.0000  0.5680  0.0000  0.0000  0.0000  0.0000  0.0000  0.0000  0.0000  0.0000  0.0000  0.0000  0.0000  0.0000  0.0000  0.0000  0.0000  0.0000 
 0.0270 -0.0760 -0.1300 -0.0750 -0.0630 -0.0360  0.0420  0.3860  0.5080  0.5250  0.5280  0.5290  0.5320  0.5390  0.5470  0.5680  1.0000  0.8130  0.8130  0.8130  0.8130  0.8130  0.8130  0.8130  0.8130  0.8130  0.8130  0.8130  0.8130  0.8130  0.8130  0.0300  0.0000 
 0.0000  0.0000  0.0000  0.0000  0.0000  0.0000  0.0000  0.0000  0.0000  0.0000  0.0000  0.0000  0.0000  0.0000  0.0000  0.0000  0.8130  1.0000  0.9990  0.9990  0.9990  0.9990  0.9990  0.9990  0.9990  0.9990  0.9990  0.9990  0.9990  0.9990  0.9990  0.0370  0.0000 
 0.0000  0.0000  0.0000  0.0000  0.0000  0.0000  0.0000  0.0000  0.0000  0.0000  0.0000  0.0000  0.0000  0.0000  0.0000  0.0000  0.8130  0.9990  1.0000  0.9990  0.9990  0.9990  0.9990  0.9990  0.9990  0.9990  0.9990  0.9990  0.9990  0.9990  0.9990  0.0370  0.0000 
 0.0000  0.0000  0.0000  0.0000  0.0000  0.0000  0.0000  0.0000  0.0000  0.0000  0.0000  0.0000  0.0000  0.0000  0.0000  0.0000  0.8130  0.9990  0.9990  1.0000  0.9990  0.9990  0.9990  0.9990  0.9990  0.9990  0.9990  0.9990  0.9990  0.9990  0.9990  0.0370  0.0000 
 0.0000  0.0000  0.0000  0.0000  0.0000  0.0000  0.0000  0.0000  0.0000  0.0000  0.0000  0.0000  0.0000  0.0000  0.0000  0.0000  0.8130  0.9990  0.9990  0.9990  1.0000  0.9990  0.9990  0.9990  0.9990  0.9990  0.9990  0.9990  0.9990  0.9990  0.9990  0.0370  0.0000 
 0.0000  0.0000  0.0000  0.0000  0.0000  0.0000  0.0000  0.0000  0.0000  0.0000  0.0000  0.0000  0.0000  0.0000  0.0000  0.0000  0.8130  0.9990  0.9990  0.9990  0.9990  1.0000  0.9990  0.9990  0.9990  0.9990  0.9990  0.9990  0.9990  0.9990  0.9990  0.0370  0.0000 
 0.0000  0.0000  0.0000  0.0000  0.0000  0.0000  0.0000  0.0000  0.0000  0.0000  0.0000  0.0000  0.0000  0.0000  0.0000  0.0000  0.8130  0.9990  0.9990  0.9990  0.9990  0.9990  1.0000  0.9990  0.9990  0.9990  0.9990  0.9990  0.9990  0.9990  0.9990  0.0370  0.0000 
 0.0000  0.0000  0.0000  0.0000  0.0000  0.0000  0.0000  0.0000  0.0000  0.0000  0.0000  0.0000  0.0000  0.0000  0.0000  0.0000  0.8130  0.9990  0.9990  0.9990  0.9990  0.9990  0.9990  1.0000  0.9990  0.9990  0.9990  0.9990  0.9990  0.9990  0.9990  0.0370  0.0000 
 0.0000  0.0000  0.0000  0.0000  0.0000  0.0000  0.0000  0.0000  0.0000  0.0000  0.0000  0.0000  0.0000  0.0000  0.0000  0.0000  0.8130  0.9990  0.9990  0.9990  0.9990  0.9990  0.9990  0.9990  1.0000  0.9990  0.9990  0.9990  0.9990  0.9990  0.9990  0.0370  0.0000 
 0.0000  0.0000  0.0000  0.0000  0.0000  0.0000  0.0000  0.0000  0.0000  0.0000  0.0000  0.0000  0.0000  0.0000  0.0000  0.0000  0.8130  0.9990  0.9990  0.9990  0.9990  0.9990  0.9990  0.9990  0.9990  1.0000  0.9990  0.9990  0.9990  0.9990  0.9990  0.0370  0.0000 
 0.0000  0.0000  0.0000  0.0000  0.0000  0.0000  0.0000  0.0000  0.0000  0.0000  0.0000  0.0000  0.0000  0.0000  0.0000  0.0000  0.8130  0.9990  0.9990  0.9990  0.9990  0.9990  0.9990  0.9990  0.9990  0.9990  1.0000  0.9990  0.9990  0.9990  0.9990  0.0370  0.0000 
 0.0000  0.0000  0.0000  0.0000  0.0000  0.0000  0.0000  0.0000  0.0000  0.0000  0.0000  0.0000  0.0000  0.0000  0.0000  0.0000  0.8130  0.9990  0.9990  0.9990  0.9990  0.9990  0.9990  0.9990  0.9990  0.9990  0.9990  1.0000  0.9990  0.9990  0.9990  0.0370  0.0000 
 0.0000  0.0000  0.0000  0.0000  0.0000  0.0000  0.0000  0.0000  0.0000  0.0000  0.0000  0.0000  0.0000  0.0000  0.0000  0.0000  0.8130  0.9990  0.9990  0.9990  0.9990  0.9990  0.9990  0.9990  0.9990  0.9990  0.9990  0.9990  1.0000  0.9990  0.9990  0.0370  0.0000 
 0.0000  0.0000  0.0000  0.0000  0.0000  0.0000  0.0000  0.0000  0.0000  0.0000  0.0000  0.0000  0.0000  0.0000  0.0000  0.0000  0.8130  0.9990  0.9990  0.9990  0.9990  0.9990  0.9990  0.9990  0.9990  0.9990  0.9990  0.9990  0.9990  1.0000  0.9990  0.0370  0.0000 
 0.0000  0.0000  0.0000  0.0000  0.0000  0.0000  0.0000  0.0000  0.0000  0.0000  0.0000  0.0000  0.0000  0.0000  0.0000  0.0000  0.8130  0.9990  0.9990  0.9990  0.9990  0.9990  0.9990  0.9990  0.9990  0.9990  0.9990  0.9990  0.9990  0.9990  1.0000  0.0370  0.0000 
 0.0000  0.0000  0.0000  0.0000  0.0000  0.0000  0.0000  0.0000  0.0000  0.0000  0.0000  0.0000  0.0000  0.0000  0.0000  0.0000  0.0300  0.0370  0.0370  0.0370  0.0370  0.0370  0.0370  0.0370  0.0370  0.0370  0.0370  0.0370  0.0370  0.0370  0.0370  1.0000  0.9960 
 0.0000  0.0000  0.0000  0.0000  0.0000  0.0000  0.0000  0.0000  0.0000  0.0000  0.0000  0.0000  0.0000  0.0000  0.0000  0.0000  0.0000  0.0000  0.0000  0.0000  0.0000  0.0000  0.0000  0.0000  0.0000  0.0000  0.0000  0.0000  0.0000  0.0000  0.0000  0.9960  1.0000 
