 1.0000  0.7650  0.6030  0.5410  0.5110  0.4910  0.5200  0.5110  0.5100  0.4680  0.4530  0.4510  0.4870  0.4460  0.3820  0.3590  0.0610  0.0000  0.0000  0.0000  0.0000  0.0000  0.0000  0.0000  0.0000  0.0000  0.0000  0.0000  0.0000  0.0000  0.0000  0.0000  0.0000 
 0.7650  1.0000  0.9100  0.8320  0.7680  0.7020  0.7630  0.7530  0.7330  0.6270  0.5930  0.5830  0.6820  0.6620  0.5940  0.5710  0.0990  0.0000  0.0000  0.0000  0.0000  0.0000  0.0000  0.0000  0.0000  0.0000  0.0000  0.0000  0.0000  0.0000  0.0000  0.0000  0.0000 
 0.6030  0.9100  1.0000  0.9690  0.9090  0.8330  0.9130  0.9010  0.8770  0.7420  0.7030  0.6920  0.8210  0.8010  0.7240  0.6950  0.1200  0.0000  0.0000  0.0000  0.0000  0.0000  0.0000  0.0000  0.0000  0.0000  0.0000  0.0000  0.0000  0.0000  0.0000  0.0000  0.0000 
 0.5410  0.8320  0.9690  1.0000  0.9790  0.9320  0.9540  0.9230  0.9160  0.8530  0.8250  0.8100  0.8590  0.7710  0.6460  0.6040  0.1030  0.0000  0.0000  0.0000  0.0000  0.0000  0.0000  0.0000  0.0000  0.0000  0.0000  0.0000  0.0000  0.0000  0.0000  0.0000  0.0000 
 0.5110  0.7680  0.9090  0.9790  1.0000  0.9820  0.9550  0.9110  0.9220  0.9270  0.9090  0.8940  0.8690  0.7210  0.5570  0.5050  0.0850  0.0000  0.0000  0.0000  0.0000  0.0000  0.0000  0.0000  0.0000  0.0000  0.0000  0.0000  0.0000  0.0000  0.0000  0.0000  0.0000 
 0.4910  0.7020  0.8330  0.9320  0.9820  1.0000  0.9290  0.8720  0.9000  0.9650  0.9590  0.9470  0.8540  0.6560  0.4640  0.4040  0.0650  0.0000  0.0000  0.0000  0.0000  0.0000  0.0000  0.0000  0.0000  0.0000  0.0000  0.0000  0.0000  0.0000  0.0000  0.0000  0.0000 
 0.5200  0.7630  0.9130  0.9540  0.9550  0.9290  1.0000  0.9890  0.9920  0.9200  0.8910  0.8930  0.9660  0.8840  0.7550  0.7100  0.1210  0.0000  0.0000  0.0000  0.0000  0.0000  0.0000  0.0000  0.0000  0.0000  0.0000  0.0000  0.0000  0.0000  0.0000  0.0000  0.0000 
 0.5110  0.7530  0.9010  0.9230  0.9110  0.8720  0.9890  1.0000  0.9930  0.8800  0.8430  0.8510  0.9800  0.9380  0.8330  0.7930  0.1380  0.0000  0.0000  0.0000  0.0000  0.0000  0.0000  0.0000  0.0000  0.0000  0.0000  0.0000  0.0000  0.0000  0.0000  0.0000  0.0000 
 0.5100  0.7330  0.8770  0.9160  0.9220  0.9000  0.9920  0.9930  1.0000  0.9200  0.8890  0.8970  0.9880  0.9150  0.7890  0.7440  0.1280  0.0000  0.0000  0.0000  0.0000  0.0000  0.0000  0.0000  0.0000  0.0000  0.0000  0.0000  0.0000  0.0000  0.0000  0.0000  0.0000 
 0.4680  0.6270  0.7420  0.8530  0.9270  0.9650  0.9200  0.8800  0.9200  1.0000  0.9950  0.9940  0.9030  0.7010  0.4990  0.4350  0.0730  0.0000  0.0000  0.0000  0.0000  0.0000  0.0000  0.0000  0.0000  0.0000  0.0000  0.0000  0.0000  0.0000  0.0000  0.0000  0.0000 
 0.4530  0.5930  0.7030  0.8250  0.9090  0.9590  0.8910  0.8430  0.8890  0.9950  1.0000  0.9960  0.8730  0.6510  0.4400  0.3720  0.0600  0.0000  0.0000  0.0000  0.0000  0.0000  0.0000  0.0000  0.0000  0.0000  0.0000  0.0000  0.0000  0.0000  0.0000  0.0000  0.0000 
 0.4510  0.5830  0.6920  0.8100  0.8940  0.9470  0.8930  0.8510  0.8970  0.9940  0.9960  1.0000  0.8890  0.6730  0.4660  0.4010  0.0640  0.0000  0.0000  0.0000  0.0000  0.0000  0.0000  0.0000  0.0000  0.0000  0.0000  0.0000  0.0000  0.0000  0.0000  0.0000  0.0000 
 0.4870  0.6820  0.8210  0.8590  0.8690  0.8540  0.9660  0.9800  0.9880  0.9030  0.8730  0.8890  1.0000  0.9330  0.8110  0.7680  0.1320  0.0000  0.0000  0.0000  0.0000  0.0000  0.0000  0.0000  0.0000  0.0000  0.0000  0.0000  0.0000  0.0000  0.0000  0.0000  0.0000 
 0.4460  0.6620  0.8010  0.7710  0.7210  0.6560  0.8840  0.9380  0.9150  0.7010  0.6510  0.6730  0.9330  1.0000  0.9650  0.9430  0.1660  0.0000  0.0000  0.0000  0.0000  0.0000  0.0000  0.0000  0.0000  0.0000  0.0000  0.0000  0.0000  0.0000  0.0000  0.0000  0.0000 
 0.3820  0.5940  0.7240  0.6460  0.5570  0.4640  0.7550  0.8330  0.7890  0.4990  0.4400  0.4660  0.8110  0.9650  1.0000  0.9950  0.1760  0.0000  0.0000  0.0000  0.0000  0.0000  0.0000  0.0000  0.0000  0.0000  0.0000  0.0000  0.0000  0.0000  0.0000  0.0000  0.0000 
 0.3590  0.5710  0.6950  0.6040  0.5050  0.4040  0.7100  0.7930  0.7440  0.4350  0.3720  0.4010  0.7680  0.9430  0.9950  1.0000  0.1760  0.0000  0.0000  0.0000  0.0000  0.0000  0.0000  0.0000  0.0000  0.0000  0.0000  0.0000  0.0000  0.0000  0.0000  0.0000  0.0000 
 0.0610  0.0990  0.1200  0.1030  0.0850  0.0650  0.1210  0.1380  0.1280  0.0730  0.0600  0.0640  0.1320  0.1660  0.1760  0.1760  1.0000  0.9810  0.9810  0.9810  0.9810  0.9810  0.9810  0.9810  0.9810  0.9810  0.9810  0.9810  0.9810  0.9810  0.9810  0.4380  0.0000 
 0.0000  0.0000  0.0000  0.0000  0.0000  0.0000  0.0000  0.0000  0.0000  0.0000  0.0000  0.0000  0.0000  0.0000  0.0000  0.0000  0.9810  1.0000  0.9990  0.9990  0.9990  0.9990  0.9990  0.9990  0.9990  0.9990  0.9990  0.9990  0.9990  0.9990  0.9990  0.4460  0.0000 
 0.0000  0.0000  0.0000  0.0000  0.0000  0.0000  0.0000  0.0000  0.0000  0.0000  0.0000  0.0000  0.0000  0.0000  0.0000  0.0000  0.9810  0.9990  1.0000  0.9990  0.9990  0.9990  0.9990  0.9990  0.9990  0.9990  0.9990  0.9990  0.9990  0.9990  0.9990  0.4460  0.0000 
 0.0000  0.0000  0.0000  0.0000  0.0000  0.0000  0.0000  0.0000  0.0000  0.0000  0.0000  0.0000  0.0000  0.0000  0.0000  0.0000  0.9810  0.9990  0.9990  1.0000  0.9990  0.9990  0.9990  0.9990  0.9990  0.9990  0.9990  0.9990  0.9990  0.9990  0.9990  0.4460  0.0000 
 0.0000  0.0000  0.0000  0.0000  0.0000  0.0000  0.0000  0.0000  0.0000  0.0000  0.0000  0.0000  0.0000  0.0000  0.0000  0.0000  0.9810  0.9990  0.9990  0.9990  1.0000  0.9990  0.9990  0.9990  0.9990  0.9990  0.9990  0.9990  0.9990  0.9990  0.9990  0.4460  0.0000 
 0.0000  0.0000  0.0000  0.0000  0.0000  0.0000  0.0000  0.0000  0.0000  0.0000  0.0000  0.0000  0.0000  0.0000  0.0000  0.0000  0.9810  0.9990  0.9990  0.9990  0.9990  1.0000  0.9990  0.9990  0.9990  0.9990  0.9990  0.9990  0.9990  0.9990  0.9990  0.4460  0.0000 
 0.0000  0.0000  0.0000  0.0000  0.0000  0.0000  0.0000  0.0000  0.0000  0.0000  0.0000  0.0000  0.0000  0.0000  0.0000  0.0000  0.9810  0.9990  0.9990  0.9990  0.9990  0.9990  1.0000  0.9990  0.9990  0.9990  0.9990  0.9990  0.9990  0.9990  0.9990  0.4460  0.0000 
 0.0000  0.0000  0.0000  0.0000  0.0000  0.0000  0.0000  0.0000  0.0000  0.0000  0.0000  0.0000  0.0000  0.0000  0.0000  0.0000  0.9810  0.9990  0.9990  0.9990  0.9990  0.9990  0.9990  1.0000  0.9990  0.9990  0.9990  0.9990  0.9990  0.9990  0.9990  0.4460  0.0000 
 0.0000  0.0000  0.0000  0.0000  0.0000  0.0000  0.0000  0.0000  0.0000  0.0000  0.0000  0.0000  0.0000  0.0000  0.0000  0.0000  0.9810  0.9990  0.9990  0.9990  0.9990  0.9990  0.9990  0.9990  1.0000  0.9990  0.9990  0.9990  0.9990  0.9990  0.9990  0.4460  0.0000 
 0.0000  0.0000  0.0000  0.0000  0.0000  0.0000  0.0000  0.0000  0.0000  0.0000  0.0000  0.0000  0.0000  0.0000  0.0000  0.0000  0.9810  0.9990  0.9990  0.9990  0.9990  0.9990  0.9990  0.9990  0.9990  1.0000  0.9990  0.9990  0.9990  0.9990  0.9990  0.4460  0.0000 
 0.0000  0.0000  0.0000  0.0000  0.0000  0.0000  0.0000  0.0000  0.0000  0.0000  0.0000  0.0000  0.0000  0.0000  0.0000  0.0000  0.9810  0.9990  0.9990  0.9990  0.9990  0.9990  0.9990  0.9990  0.9990  0.9990  1.0000  0.9990  0.9990  0.9990  0.9990  0.4460  0.0000 
 0.0000  0.0000  0.0000  0.0000  0.0000  0.0000  0.0000  0.0000  0.0000  0.0000  0.0000  0.0000  0.0000  0.0000  0.0000  0.0000  0.9810  0.9990  0.9990  0.9990  0.9990  0.9990  0.9990  0.9990  0.9990  0.9990  0.9990  1.0000  0.9990  0.9990  0.9990  0.4460  0.0000 
 0.0000  0.0000  0.0000  0.0000  0.0000  0.0000  0.0000  0.0000  0.0000  0.0000  0.0000  0.0000  0.0000  0.0000  0.0000  0.0000  0.9810  0.9990  0.9990  0.9990  0.9990  0.9990  0.9990  0.9990  0.9990  0.9990  0.9990  0.9990  1.0000  0.9990  0.9990  0.4460  0.0000 
 0.0000  0.0000  0.0000  0.0000  0.0000  0.0000  0.0000  0.0000  0.0000  0.0000  0.0000  0.0000  0.0000  0.0000  0.0000  0.0000  0.9810  0.9990  0.9990  0.9990  0.9990  0.9990  0.9990  0.9990  0.9990  0.9990  0.9990  0.9990  0.9990  1.0000  0.9990  0.4460  0.0000 
 0.0000  0.0000  0.0000  0.0000  0.0000  0.0000  0.0000  0.0000  0.0000  0.0000  0.0000  0.0000  0.0000  0.0000  0.0000  0.0000  0.9810  0.9990  0.9990  0.9990  0.9990  0.9990  0.9990  0.9990  0.9990  0.9990  0.9990  0.9990  0.9990  0.9990  1.0000  0.4460  0.0000 
 0.0000  0.0000  0.0000  0.0000  0.0000  0.0000  0.0000  0.0000  0.0000  0.0000  0.0000  0.0000  0.0000  0.0000  0.0000  0.0000  0.4380  0.4460  0.4460  0.4460  0.4460  0.4460  0.4460  0.4460  0.4460  0.4460  0.4460  0.4460  0.4460  0.4460  0.4460  1.0000  0.8910 
 0.0000  0.0000  0.0000  0.0000  0.0000  0.0000  0.0000  0.0000  0.0000  0.0000  0.0000  0.0000  0.0000  0.0000  0.0000  0.0000  0.0000  0.0000  0.0000  0.0000  0.0000  0.0000  0.0000  0.0000  0.0000  0.0000  0.0000  0.0000  0.0000  0.0000  0.0000  0.8910  1.0000 
