 1.0000  0.1780  0.1870  0.0010  0.0000  0.0000  0.0000  0.0000  0.0000  0.0000  0.0000  0.0000  0.0000  0.0000  0.0000  0.0000  0.0000  0.0000  0.0000  0.0000  0.0000  0.0000  0.0000  0.0000  0.0000  0.0000  0.0000  0.0000  0.0000  0.0000  0.0000  0.0000  0.0000 
 0.1780  1.0000  0.9780  0.2080  0.0720  0.0200  0.0180  0.0180  0.0180  0.0180  0.0000  0.0000  0.0000  0.0000  0.0000  0.0000  0.0000  0.0000  0.0000  0.0000  0.0000  0.0000  0.0000  0.0000  0.0000  0.0000  0.0000  0.0000  0.0000  0.0000  0.0000  0.0000  0.0000 
 0.1870  0.9780  1.0000  0.3570  0.2200  0.1500  0.0800  0.0800  0.0800  0.0800  0.0160  0.0000  0.0000  0.0000  0.0000  0.0000  0.0000  0.0000  0.0000  0.0000  0.0000  0.0000  0.0000  0.0000  0.0000  0.0000  0.0000  0.0000  0.0000  0.0000  0.0000  0.0000  0.0000 
 0.0010  0.2080  0.3570  1.0000  0.9130  0.7790  0.3930  0.3930  0.3930  0.3930  0.1200  0.0110  0.0110  0.0110  0.0110  0.0110  0.0110  0.0110  0.0110  0.0110  0.0110  0.0110  0.0110  0.0110  0.0110  0.0110  0.0110  0.0110  0.0110  0.0110  0.0110  0.0110  0.0110 
 0.0000  0.0720  0.2200  0.9130  1.0000  0.9630  0.7110  0.7110  0.7110  0.7110  0.4810  0.3810  0.3810  0.3810  0.3810  0.3810  0.3810  0.3810  0.3810  0.3810  0.3810  0.3810  0.3810  0.3810  0.3810  0.3810  0.3810  0.3810  0.3810  0.3810  0.3810  0.3810  0.3810 
 0.0000  0.0200  0.1500  0.7790  0.9630  1.0000  0.8660  0.8660  0.8660  0.8660  0.6870  0.6010  0.6010  0.6010  0.6010  0.6010  0.6010  0.6010  0.6010  0.6010  0.6010  0.6010  0.6010  0.6010  0.6010  0.6010  0.6010  0.6010  0.6010  0.6010  0.6010  0.6010  0.6010 
 0.0000  0.0180  0.0800  0.3930  0.7110  0.8660  1.0000  0.9990  0.9990  0.9990  0.9570  0.9170  0.9170  0.9170  0.9170  0.9170  0.9170  0.9170  0.9170  0.9170  0.9170  0.9170  0.9170  0.9170  0.9170  0.9170  0.9170  0.9170  0.9170  0.9170  0.9170  0.9170  0.9170 
 0.0000  0.0180  0.0800  0.3930  0.7110  0.8660  0.9990  1.0000  0.9990  0.9990  0.9570  0.9170  0.9170  0.9170  0.9170  0.9170  0.9170  0.9170  0.9170  0.9170  0.9170  0.9170  0.9170  0.9170  0.9170  0.9170  0.9170  0.9170  0.9170  0.9170  0.9170  0.9170  0.9170 
 0.0000  0.0180  0.0800  0.3930  0.7110  0.8660  0.9990  0.9990  1.0000  0.9990  0.9570  0.9170  0.9170  0.9170  0.9170  0.9170  0.9170  0.9170  0.9170  0.9170  0.9170  0.9170  0.9170  0.9170  0.9170  0.9170  0.9170  0.9170  0.9170  0.9170  0.9170  0.9170  0.9170 
 0.0000  0.0180  0.0800  0.3930  0.7110  0.8660  0.9990  0.9990  0.9990  1.0000  0.9570  0.9170  0.9170  0.9170  0.9170  0.9170  0.9170  0.9170  0.9170  0.9170  0.9170  0.9170  0.9170  0.9170  0.9170  0.9170  0.9170  0.9170  0.9170  0.9170  0.9170  0.9170  0.9170 
 0.0000  0.0000  0.0160  0.1200  0.4810  0.6870  0.9570  0.9570  0.9570  0.9570  1.0000  0.9900  0.9900  0.9900  0.9900  0.9900  0.9900  0.9900  0.9900  0.9900  0.9900  0.9900  0.9900  0.9900  0.9900  0.9900  0.9900  0.9900  0.9900  0.9900  0.9900  0.9900  0.9900 
 0.0000  0.0000  0.0000  0.0110  0.3810  0.6010  0.9170  0.9170  0.9170  0.9170  0.9900  1.0000  0.9990  0.9990  0.9990  0.9990  0.9990  0.9990  0.9990  0.9990  0.9990  0.9990  0.9990  0.9990  0.9990  0.9990  0.9990  0.9990  0.9990  0.9990  0.9990  0.9990  0.9990 
 0.0000  0.0000  0.0000  0.0110  0.3810  0.6010  0.9170  0.9170  0.9170  0.9170  0.9900  0.9990  1.0000  0.9990  0.9990  0.9990  0.9990  0.9990  0.9990  0.9990  0.9990  0.9990  0.9990  0.9990  0.9990  0.9990  0.9990  0.9990  0.9990  0.9990  0.9990  0.9990  0.9990 
 0.0000  0.0000  0.0000  0.0110  0.3810  0.6010  0.9170  0.9170  0.9170  0.9170  0.9900  0.9990  0.9990  1.0000  0.9990  0.9990  0.9990  0.9990  0.9990  0.9990  0.9990  0.9990  0.9990  0.9990  0.9990  0.9990  0.9990  0.9990  0.9990  0.9990  0.9990  0.9990  0.9990 
 0.0000  0.0000  0.0000  0.0110  0.3810  0.6010  0.9170  0.9170  0.9170  0.9170  0.9900  0.9990  0.9990  0.9990  1.0000  0.9990  0.9990  0.9990  0.9990  0.9990  0.9990  0.9990  0.9990  0.9990  0.9990  0.9990  0.9990  0.9990  0.9990  0.9990  0.9990  0.9990  0.9990 
 0.0000  0.0000  0.0000  0.0110  0.3810  0.6010  0.9170  0.9170  0.9170  0.9170  0.9900  0.9990  0.9990  0.9990  0.9990  1.0000  0.9990  0.9990  0.9990  0.9990  0.9990  0.9990  0.9990  0.9990  0.9990  0.9990  0.9990  0.9990  0.9990  0.9990  0.9990  0.9990  0.9990 
 0.0000  0.0000  0.0000  0.0110  0.3810  0.6010  0.9170  0.9170  0.9170  0.9170  0.9900  0.9990  0.9990  0.9990  0.9990  0.9990  1.0000  0.9990  0.9990  0.9990  0.9990  0.9990  0.9990  0.9990  0.9990  0.9990  0.9990  0.9990  0.9990  0.9990  0.9990  0.9990  0.9990 
 0.0000  0.0000  0.0000  0.0110  0.3810  0.6010  0.9170  0.9170  0.9170  0.9170  0.9900  0.9990  0.9990  0.9990  0.9990  0.9990  0.9990  1.0000  0.9990  0.9990  0.9990  0.9990  0.9990  0.9990  0.9990  0.9990  0.9990  0.9990  0.9990  0.9990  0.9990  0.9990  0.9990 
 0.0000  0.0000  0.0000  0.0110  0.3810  0.6010  0.9170  0.9170  0.9170  0.9170  0.9900  0.9990  0.9990  0.9990  0.9990  0.9990  0.9990  0.9990  1.0000  0.9990  0.9990  0.9990  0.9990  0.9990  0.9990  0.9990  0.9990  0.9990  0.9990  0.9990  0.9990  0.9990  0.9990 
 0.0000  0.0000  0.0000  0.0110  0.3810  0.6010  0.9170  0.9170  0.9170  0.9170  0.9900  0.9990  0.9990  0.9990  0.9990  0.9990  0.9990  0.9990  0.9990  1.0000  0.9990  0.9990  0.9990  0.9990  0.9990  0.9990  0.9990  0.9990  0.9990  0.9990  0.9990  0.9990  0.9990 
 0.0000  0.0000  0.0000  0.0110  0.3810  0.6010  0.9170  0.9170  0.9170  0.9170  0.9900  0.9990  0.9990  0.9990  0.9990  0.9990  0.9990  0.9990  0.9990  0.9990  1.0000  0.9990  0.9990  0.9990  0.9990  0.9990  0.9990  0.9990  0.9990  0.9990  0.9990  0.9990  0.9990 
 0.0000  0.0000  0.0000  0.0110  0.3810  0.6010  0.9170  0.9170  0.9170  0.9170  0.9900  0.9990  0.9990  0.9990  0.9990  0.9990  0.9990  0.9990  0.9990  0.9990  0.9990  1.0000  0.9990  0.9990  0.9990  0.9990  0.9990  0.9990  0.9990  0.9990  0.9990  0.9990  0.9990 
 0.0000  0.0000  0.0000  0.0110  0.3810  0.6010  0.9170  0.9170  0.9170  0.9170  0.9900  0.9990  0.9990  0.9990  0.9990  0.9990  0.9990  0.9990  0.9990  0.9990  0.9990  0.9990  1.0000  0.9990  0.9990  0.9990  0.9990  0.9990  0.9990  0.9990  0.9990  0.9990  0.9990 
 0.0000  0.0000  0.0000  0.0110  0.3810  0.6010  0.9170  0.9170  0.9170  0.9170  0.9900  0.9990  0.9990  0.9990  0.9990  0.9990  0.9990  0.9990  0.9990  0.9990  0.9990  0.9990  0.9990  1.0000  0.9990  0.9990  0.9990  0.9990  0.9990  0.9990  0.9990  0.9990  0.9990 
 0.0000  0.0000  0.0000  0.0110  0.3810  0.6010  0.9170  0.9170  0.9170  0.9170  0.9900  0.9990  0.9990  0.9990  0.9990  0.9990  0.9990  0.9990  0.9990  0.9990  0.9990  0.9990  0.9990  0.9990  1.0000  0.9990  0.9990  0.9990  0.9990  0.9990  0.9990  0.9990  0.9990 
 0.0000  0.0000  0.0000  0.0110  0.3810  0.6010  0.9170  0.9170  0.9170  0.9170  0.9900  0.9990  0.9990  0.9990  0.9990  0.9990  0.9990  0.9990  0.9990  0.9990  0.9990  0.9990  0.9990  0.9990  0.9990  1.0000  0.9990  0.9990  0.9990  0.9990  0.9990  0.9990  0.9990 
 0.0000  0.0000  0.0000  0.0110  0.3810  0.6010  0.9170  0.9170  0.9170  0.9170  0.9900  0.9990  0.9990  0.9990  0.9990  0.9990  0.9990  0.9990  0.9990  0.9990  0.9990  0.9990  0.9990  0.9990  0.9990  0.9990  1.0000  0.9990  0.9990  0.9990  0.9990  0.9990  0.9990 
 0.0000  0.0000  0.0000  0.0110  0.3810  0.6010  0.9170  0.9170  0.9170  0.9170  0.9900  0.9990  0.9990  0.9990  0.9990  0.9990  0.9990  0.9990  0.9990  0.9990  0.9990  0.9990  0.9990  0.9990  0.9990  0.9990  0.9990  1.0000  0.9990  0.9990  0.9990  0.9990  0.9990 
 0.0000  0.0000  0.0000  0.0110  0.3810  0.6010  0.9170  0.9170  0.9170  0.9170  0.9900  0.9990  0.9990  0.9990  0.9990  0.9990  0.9990  0.9990  0.9990  0.9990  0.9990  0.9990  0.9990  0.9990  0.9990  0.9990  0.9990  0.9990  1.0000  0.9990  0.9990  0.9990  0.9990 
 0.0000  0.0000  0.0000  0.0110  0.3810  0.6010  0.9170  0.9170  0.9170  0.9170  0.9900  0.9990  0.9990  0.9990  0.9990  0.9990  0.9990  0.9990  0.9990  0.9990  0.9990  0.9990  0.9990  0.9990  0.9990  0.9990  0.9990  0.9990  0.9990  1.0000  0.9990  0.9990  0.9990 
 0.0000  0.0000  0.0000  0.0110  0.3810  0.6010  0.9170  0.9170  0.9170  0.9170  0.9900  0.9990  0.9990  0.9990  0.9990  0.9990  0.9990  0.9990  0.9990  0.9990  0.9990  0.9990  0.9990  0.9990  0.9990  0.9990  0.9990  0.9990  0.9990  0.9990  1.0000  0.9990  0.9990 
 0.0000  0.0000  0.0000  0.0110  0.3810  0.6010  0.9170  0.9170  0.9170  0.9170  0.9900  0.9990  0.9990  0.9990  0.9990  0.9990  0.9990  0.9990  0.9990  0.9990  0.9990  0.9990  0.9990  0.9990  0.9990  0.9990  0.9990  0.9990  0.9990  0.9990  0.9990  1.0000  0.9990 
 0.0000  0.0000  0.0000  0.0110  0.3810  0.6010  0.9170  0.9170  0.9170  0.9170  0.9900  0.9990  0.9990  0.9990  0.9990  0.9990  0.9990  0.9990  0.9990  0.9990  0.9990  0.9990  0.9990  0.9990  0.9990  0.9990  0.9990  0.9990  0.9990  0.9990  0.9990  0.9990  1.0000 
