 1.0000  0.3190  0.0340  0.0400  0.0470  0.0560  0.0190  0.0000 -0.0030 -0.0140 -0.0240 -0.0330 -0.0350 -0.0370 -0.0390 -0.0410 -0.0380  0.0000  0.0000  0.0000  0.0000  0.0000  0.0000  0.0000  0.0000  0.0000  0.0000  0.0000  0.0000  0.0000  0.0000  0.0000  0.0000 
 0.3190  1.0000  0.9020  0.8310  0.7750  0.7480 -0.0120 -0.3670 -0.4110 -0.4540 -0.4880 -0.5050 -0.5170 -0.5180 -0.5190 -0.5200 -0.4830  0.0000  0.0000  0.0000  0.0000  0.0000  0.0000  0.0000  0.0000  0.0000  0.0000  0.0000  0.0000  0.0000  0.0000  0.0000  0.0000 
 0.0340  0.9020  1.0000  0.9790  0.9480  0.9080 -0.1650 -0.5680 -0.6180 -0.6750 -0.7190 -0.7420 -0.7540 -0.7580 -0.7590 -0.7610 -0.7070  0.0000  0.0000  0.0000  0.0000  0.0000  0.0000  0.0000  0.0000  0.0000  0.0000  0.0000  0.0000  0.0000  0.0000  0.0000  0.0000 
 0.0400  0.8310  0.9790  1.0000  0.9890  0.9490 -0.2250 -0.6310 -0.6800 -0.7500 -0.8030 -0.8300 -0.8440 -0.8480 -0.8510 -0.8520 -0.7940  0.0000  0.0000  0.0000  0.0000  0.0000  0.0000  0.0000  0.0000  0.0000  0.0000  0.0000  0.0000  0.0000  0.0000  0.0000  0.0000 
 0.0470  0.7750  0.9480  0.9890  1.0000  0.9680 -0.2260 -0.6320 -0.6840 -0.7640 -0.8260 -0.8610 -0.8770 -0.8820 -0.8860 -0.8870 -0.8270  0.0000  0.0000  0.0000  0.0000  0.0000  0.0000  0.0000  0.0000  0.0000  0.0000  0.0000  0.0000  0.0000  0.0000  0.0000  0.0000 
 0.0560  0.7480  0.9080  0.9490  0.9680  1.0000 -0.0140 -0.4630 -0.5260 -0.6150 -0.6970 -0.7490 -0.7740 -0.7820 -0.7870 -0.7930 -0.7380  0.0000  0.0000  0.0000  0.0000  0.0000  0.0000  0.0000  0.0000  0.0000  0.0000  0.0000  0.0000  0.0000  0.0000  0.0000  0.0000 
 0.0190 -0.0120 -0.1650 -0.2250 -0.2260 -0.0140  1.0000  0.8760  0.8420  0.7900  0.7130  0.6470  0.6120  0.5980  0.5870  0.5780  0.5330  0.0000  0.0000  0.0000  0.0000  0.0000  0.0000  0.0000  0.0000  0.0000  0.0000  0.0000  0.0000  0.0000  0.0000  0.0000  0.0000 
 0.0000 -0.3670 -0.5680 -0.6310 -0.6320 -0.4630  0.8760  1.0000  0.9940  0.9640  0.9230  0.8790  0.8570  0.8490  0.8410  0.8340  0.7740  0.0000  0.0000  0.0000  0.0000  0.0000  0.0000  0.0000  0.0000  0.0000  0.0000  0.0000  0.0000  0.0000  0.0000  0.0000  0.0000 
-0.0030 -0.4110 -0.6180 -0.6800 -0.6840 -0.5260  0.8420  0.9940  1.0000  0.9760  0.9410  0.9050  0.8860  0.8790  0.8720  0.8660  0.8030  0.0000  0.0000  0.0000  0.0000  0.0000  0.0000  0.0000  0.0000  0.0000  0.0000  0.0000  0.0000  0.0000  0.0000  0.0000  0.0000 
-0.0140 -0.4540 -0.6750 -0.7500 -0.7640 -0.6150  0.7900  0.9640  0.9760  1.0000  0.9880  0.9680  0.9550  0.9500  0.9470  0.9410  0.8750  0.0000  0.0000  0.0000  0.0000  0.0000  0.0000  0.0000  0.0000  0.0000  0.0000  0.0000  0.0000  0.0000  0.0000  0.0000  0.0000 
-0.0240 -0.4880 -0.7190 -0.8030 -0.8260 -0.6970  0.7130  0.9230  0.9410  0.9880  1.0000  0.9920  0.9860  0.9830  0.9810  0.9780  0.9090  0.0000  0.0000  0.0000  0.0000  0.0000  0.0000  0.0000  0.0000  0.0000  0.0000  0.0000  0.0000  0.0000  0.0000  0.0000  0.0000 
-0.0330 -0.5050 -0.7420 -0.8300 -0.8610 -0.7490  0.6470  0.8790  0.9050  0.9680  0.9920  1.0000  0.9970  0.9960  0.9950  0.9940  0.9230  0.0000  0.0000  0.0000  0.0000  0.0000  0.0000  0.0000  0.0000  0.0000  0.0000  0.0000  0.0000  0.0000  0.0000  0.0000  0.0000 
-0.0350 -0.5170 -0.7540 -0.8440 -0.8770 -0.7740  0.6120  0.8570  0.8860  0.9550  0.9860  0.9970  1.0000  0.9980  0.9970  0.9970  0.9270  0.0000  0.0000  0.0000  0.0000  0.0000  0.0000  0.0000  0.0000  0.0000  0.0000  0.0000  0.0000  0.0000  0.0000  0.0000  0.0000 
-0.0370 -0.5180 -0.7580 -0.8480 -0.8820 -0.7820  0.5980  0.8490  0.8790  0.9500  0.9830  0.9960  0.9980  1.0000  0.9980  0.9980  0.9280  0.0000  0.0000  0.0000  0.0000  0.0000  0.0000  0.0000  0.0000  0.0000  0.0000  0.0000  0.0000  0.0000  0.0000  0.0000  0.0000 
-0.0390 -0.5190 -0.7590 -0.8510 -0.8860 -0.7870  0.5870  0.8410  0.8720  0.9470  0.9810  0.9950  0.9970  0.9980  1.0000  0.9980  0.9290  0.0000  0.0000  0.0000  0.0000  0.0000  0.0000  0.0000  0.0000  0.0000  0.0000  0.0000  0.0000  0.0000  0.0000  0.0000  0.0000 
-0.0410 -0.5200 -0.7610 -0.8520 -0.8870 -0.7930  0.5780  0.8340  0.8660  0.9410  0.9780  0.9940  0.9970  0.9980  0.9980  1.0000  0.9280  0.0000  0.0000  0.0000  0.0000  0.0000  0.0000  0.0000  0.0000  0.0000  0.0000  0.0000  0.0000  0.0000  0.0000  0.0000  0.0000 
-0.0380 -0.4830 -0.7070 -0.7940 -0.8270 -0.7380  0.5330  0.7740  0.8030  0.8750  0.9090  0.9230  0.9270  0.9280  0.9290  0.9280  1.0000  0.3640  0.3640  0.3640  0.3640  0.3640  0.3640  0.3640  0.3640  0.3640  0.3640  0.3640  0.3640  0.3640  0.3640  0.0300  0.0000 
 0.0000  0.0000  0.0000  0.0000  0.0000  0.0000  0.0000  0.0000  0.0000  0.0000  0.0000  0.0000  0.0000  0.0000  0.0000  0.0000  0.3640  1.0000  0.9990  0.9990  0.9990  0.9990  0.9990  0.9990  0.9990  0.9990  0.9990  0.9990  0.9990  0.9990  0.9990  0.0830  0.0000 
 0.0000  0.0000  0.0000  0.0000  0.0000  0.0000  0.0000  0.0000  0.0000  0.0000  0.0000  0.0000  0.0000  0.0000  0.0000  0.0000  0.3640  0.9990  1.0000  0.9990  0.9990  0.9990  0.9990  0.9990  0.9990  0.9990  0.9990  0.9990  0.9990  0.9990  0.9990  0.0830  0.0000 
 0.0000  0.0000  0.0000  0.0000  0.0000  0.0000  0.0000  0.0000  0.0000  0.0000  0.0000  0.0000  0.0000  0.0000  0.0000  0.0000  0.3640  0.9990  0.9990  1.0000  0.9990  0.9990  0.9990  0.9990  0.9990  0.9990  0.9990  0.9990  0.9990  0.9990  0.9990  0.0830  0.0000 
 0.0000  0.0000  0.0000  0.0000  0.0000  0.0000  0.0000  0.0000  0.0000  0.0000  0.0000  0.0000  0.0000  0.0000  0.0000  0.0000  0.3640  0.9990  0.9990  0.9990  1.0000  0.9990  0.9990  0.9990  0.9990  0.9990  0.9990  0.9990  0.9990  0.9990  0.9990  0.0830  0.0000 
 0.0000  0.0000  0.0000  0.0000  0.0000  0.0000  0.0000  0.0000  0.0000  0.0000  0.0000  0.0000  0.0000  0.0000  0.0000  0.0000  0.3640  0.9990  0.9990  0.9990  0.9990  1.0000  0.9990  0.9990  0.9990  0.9990  0.9990  0.9990  0.9990  0.9990  0.9990  0.0830  0.0000 
 0.0000  0.0000  0.0000  0.0000  0.0000  0.0000  0.0000  0.0000  0.0000  0.0000  0.0000  0.0000  0.0000  0.0000  0.0000  0.0000  0.3640  0.9990  0.9990  0.9990  0.9990  0.9990  1.0000  0.9990  0.9990  0.9990  0.9990  0.9990  0.9990  0.9990  0.9990  0.0830  0.0000 
 0.0000  0.0000  0.0000  0.0000  0.0000  0.0000  0.0000  0.0000  0.0000  0.0000  0.0000  0.0000  0.0000  0.0000  0.0000  0.0000  0.3640  0.9990  0.9990  0.9990  0.9990  0.9990  0.9990  1.0000  0.9990  0.9990  0.9990  0.9990  0.9990  0.9990  0.9990  0.0830  0.0000 
 0.0000  0.0000  0.0000  0.0000  0.0000  0.0000  0.0000  0.0000  0.0000  0.0000  0.0000  0.0000  0.0000  0.0000  0.0000  0.0000  0.3640  0.9990  0.9990  0.9990  0.9990  0.9990  0.9990  0.9990  1.0000  0.9990  0.9990  0.9990  0.9990  0.9990  0.9990  0.0830  0.0000 
 0.0000  0.0000  0.0000  0.0000  0.0000  0.0000  0.0000  0.0000  0.0000  0.0000  0.0000  0.0000  0.0000  0.0000  0.0000  0.0000  0.3640  0.9990  0.9990  0.9990  0.9990  0.9990  0.9990  0.9990  0.9990  1.0000  0.9990  0.9990  0.9990  0.9990  0.9990  0.0830  0.0000 
 0.0000  0.0000  0.0000  0.0000  0.0000  0.0000  0.0000  0.0000  0.0000  0.0000  0.0000  0.0000  0.0000  0.0000  0.0000  0.0000  0.3640  0.9990  0.9990  0.9990  0.9990  0.9990  0.9990  0.9990  0.9990  0.9990  1.0000  0.9990  0.9990  0.9990  0.9990  0.0830  0.0000 
 0.0000  0.0000  0.0000  0.0000  0.0000  0.0000  0.0000  0.0000  0.0000  0.0000  0.0000  0.0000  0.0000  0.0000  0.0000  0.0000  0.3640  0.9990  0.9990  0.9990  0.9990  0.9990  0.9990  0.9990  0.9990  0.9990  0.9990  1.0000  0.9990  0.9990  0.9990  0.0830  0.0000 
 0.0000  0.0000  0.0000  0.0000  0.0000  0.0000  0.0000  0.0000  0.0000  0.0000  0.0000  0.0000  0.0000  0.0000  0.0000  0.0000  0.3640  0.9990  0.9990  0.9990  0.9990  0.9990  0.9990  0.9990  0.9990  0.9990  0.9990  0.9990  1.0000  0.9990  0.9990  0.0830  0.0000 
 0.0000  0.0000  0.0000  0.0000  0.0000  0.0000  0.0000  0.0000  0.0000  0.0000  0.0000  0.0000  0.0000  0.0000  0.0000  0.0000  0.3640  0.9990  0.9990  0.9990  0.9990  0.9990  0.9990  0.9990  0.9990  0.9990  0.9990  0.9990  0.9990  1.0000  0.9990  0.0830  0.0000 
 0.0000  0.0000  0.0000  0.0000  0.0000  0.0000  0.0000  0.0000  0.0000  0.0000  0.0000  0.0000  0.0000  0.0000  0.0000  0.0000  0.3640  0.9990  0.9990  0.9990  0.9990  0.9990  0.9990  0.9990  0.9990  0.9990  0.9990  0.9990  0.9990  0.9990  1.0000  0.0830  0.0000 
 0.0000  0.0000  0.0000  0.0000  0.0000  0.0000  0.0000  0.0000  0.0000  0.0000  0.0000  0.0000  0.0000  0.0000  0.0000  0.0000  0.0300  0.0830  0.0830  0.0830  0.0830  0.0830  0.0830  0.0830  0.0830  0.0830  0.0830  0.0830  0.0830  0.0830  0.0830  1.0000  0.9930 
 0.0000  0.0000  0.0000  0.0000  0.0000  0.0000  0.0000  0.0000  0.0000  0.0000  0.0000  0.0000  0.0000  0.0000  0.0000  0.0000  0.0000  0.0000  0.0000  0.0000  0.0000  0.0000  0.0000  0.0000  0.0000  0.0000  0.0000  0.0000  0.0000  0.0000  0.0000  0.9930  1.0000 
