 1.0000  0.2070  0.0292  0.0221  0.0290  0.0354  0.0315  0.0313  0.0259  0.0145  0.0079  0.0077  0.0126  0.0143  0.0139  0.0133  0.0118  0.0106  0.0097  0.0079  0.0070  0.0070  0.0066  0.0000  0.0000  0.0000  0.0000  0.0000  0.0000  0.0000  0.0000  0.0000  0.0000 
 0.2070  1.0000  0.5473  0.5023  0.4814  0.3426  0.1917  0.1888  0.1678  0.1198  0.0879  0.0859  0.1029  0.1069  0.1019  0.0959  0.0889  0.0819  0.0749  0.0679  0.0619  0.0619  0.0569  0.0000  0.0000  0.0000  0.0000  0.0000  0.0000  0.0000  0.0000  0.0000  0.0000 
 0.0292  0.5473  1.0000  0.9850  0.9120  0.5840  0.2670  0.2570  0.2280  0.1640  0.1220  0.1230  0.1410  0.1460  0.1370  0.1290  0.1210  0.1100  0.1050  0.0930  0.0860  0.0860  0.0820  0.0000  0.0000  0.0000  0.0000  0.0000  0.0000  0.0000  0.0000  0.0000  0.0000 
 0.0221  0.5023  0.9850  1.0000  0.9580  0.6870  0.3880  0.3790  0.3390  0.2480  0.1860  0.1810  0.2070  0.2110  0.1990  0.1880  0.1750  0.1600  0.1490  0.1340  0.1240  0.1240  0.1170  0.0000  0.0000  0.0000  0.0000  0.0000  0.0000  0.0000  0.0000  0.0000  0.0000 
 0.0290  0.4814  0.9120  0.9580  1.0000  0.8550  0.6110  0.6020  0.5400  0.3940  0.2950  0.2790  0.3170  0.3210  0.3010  0.2830  0.2620  0.2400  0.2210  0.1960  0.1830  0.1830  0.1710  0.0000  0.0000  0.0000  0.0000  0.0000  0.0000  0.0000  0.0000  0.0000  0.0000 
 0.0354  0.3426  0.5840  0.6870  0.8550  1.0000  0.9200  0.9150  0.8380  0.6410  0.5080  0.4930  0.5400  0.5330  0.5010  0.4740  0.4410  0.4100  0.3810  0.3460  0.3270  0.3270  0.3110  0.0000  0.0000  0.0000  0.0000  0.0000  0.0000  0.0000  0.0000  0.0000  0.0000 
 0.0315  0.1917  0.2670  0.3880  0.6110  0.9200  1.0000  0.9930  0.9520  0.7940  0.6780  0.6590  0.6700  0.6350  0.5880  0.5560  0.5220  0.4880  0.4620  0.4280  0.4090  0.4090  0.3900  0.0000  0.0000  0.0000  0.0000  0.0000  0.0000  0.0000  0.0000  0.0000  0.0000 
 0.0313  0.1888  0.2570  0.3790  0.6020  0.9150  0.9930  1.0000  0.9660  0.8200  0.7050  0.6480  0.6410  0.5950  0.5440  0.5110  0.4750  0.4420  0.4130  0.3800  0.3610  0.3610  0.3440  0.0000  0.0000  0.0000  0.0000  0.0000  0.0000  0.0000  0.0000  0.0000  0.0000 
 0.0259  0.1678  0.2280  0.3390  0.5400  0.8380  0.9520  0.9660  1.0000  0.9340  0.8530  0.7240  0.6470  0.5550  0.4850  0.4480  0.4110  0.3800  0.3550  0.3260  0.3100  0.3100  0.2960  0.0000  0.0000  0.0000  0.0000  0.0000  0.0000  0.0000  0.0000  0.0000  0.0000 
 0.0145  0.1198  0.1640  0.2480  0.3940  0.6410  0.7940  0.8200  0.9340  1.0000  0.9730  0.7760  0.6070  0.4650  0.3760  0.3380  0.3050  0.2800  0.2630  0.2450  0.2340  0.2340  0.2250  0.0000  0.0000  0.0000  0.0000  0.0000  0.0000  0.0000  0.0000  0.0000  0.0000 
 0.0079  0.0879  0.1220  0.1860  0.2950  0.5080  0.6780  0.7050  0.8530  0.9730  1.0000  0.8300  0.6420  0.4840  0.3960  0.3600  0.3330  0.3170  0.3040  0.2950  0.2910  0.2910  0.2830  0.0000  0.0000  0.0000  0.0000  0.0000  0.0000  0.0000  0.0000  0.0000  0.0000 
 0.0077  0.0859  0.1230  0.1810  0.2790  0.4930  0.6590  0.6480  0.7240  0.7760  0.8300  1.0000  0.9480  0.8690  0.8180  0.7990  0.7860  0.7770  0.7740  0.7700  0.7670  0.7670  0.7510  0.0000  0.0000  0.0000  0.0000  0.0000  0.0000  0.0000  0.0000  0.0000  0.0000 
 0.0126  0.1029  0.1410  0.2070  0.3170  0.5400  0.6700  0.6410  0.6470  0.6070  0.6420  0.9480  1.0000  0.9770  0.9530  0.9420  0.9330  0.9260  0.9210  0.9140  0.9120  0.9120  0.8920  0.0000  0.0000  0.0000  0.0000  0.0000  0.0000  0.0000  0.0000  0.0000  0.0000 
 0.0143  0.1069  0.1460  0.2110  0.3210  0.5330  0.6350  0.5950  0.5550  0.4650  0.4840  0.8690  0.9770  1.0000  0.9930  0.9880  0.9830  0.9760  0.9720  0.9640  0.9590  0.9590  0.9360  0.0000  0.0000  0.0000  0.0000  0.0000  0.0000  0.0000  0.0000  0.0000  0.0000 
 0.0139  0.1019  0.1370  0.1990  0.3010  0.5010  0.5880  0.5440  0.4850  0.3760  0.3960  0.8180  0.9530  0.9930  1.0000  0.9970  0.9940  0.9900  0.9860  0.9800  0.9750  0.9750  0.9520  0.0000  0.0000  0.0000  0.0000  0.0000  0.0000  0.0000  0.0000  0.0000  0.0000 
 0.0133  0.0959  0.1290  0.1880  0.2830  0.4740  0.5560  0.5110  0.4480  0.3380  0.3600  0.7990  0.9420  0.9880  0.9970  1.0000  0.9970  0.9940  0.9920  0.9870  0.9810  0.9810  0.9590  0.0000  0.0000  0.0000  0.0000  0.0000  0.0000  0.0000  0.0000  0.0000  0.0000 
 0.0118  0.0889  0.1210  0.1750  0.2620  0.4410  0.5220  0.4750  0.4110  0.3050  0.3330  0.7860  0.9330  0.9830  0.9940  0.9970  1.0000  0.9950  0.9950  0.9910  0.9880  0.9880  0.9640  0.0000  0.0000  0.0000  0.0000  0.0000  0.0000  0.0000  0.0000  0.0000  0.0000 
 0.0106  0.0819  0.1100  0.1600  0.2400  0.4100  0.4880  0.4420  0.3800  0.2800  0.3170  0.7770  0.9260  0.9760  0.9900  0.9940  0.9950  1.0000  0.9960  0.9940  0.9920  0.9920  0.9700  0.0000  0.0000  0.0000  0.0000  0.0000  0.0000  0.0000  0.0000  0.0000  0.0000 
 0.0097  0.0749  0.1050  0.1490  0.2210  0.3810  0.4620  0.4130  0.3550  0.2630  0.3040  0.7740  0.9210  0.9720  0.9860  0.9920  0.9950  0.9960  1.0000  0.9960  0.9940  0.9940  0.9730  0.0000  0.0000  0.0000  0.0000  0.0000  0.0000  0.0000  0.0000  0.0000  0.0000 
 0.0079  0.0679  0.0930  0.1340  0.1960  0.3460  0.4280  0.3800  0.3260  0.2450  0.2950  0.7700  0.9140  0.9640  0.9800  0.9870  0.9910  0.9940  0.9960  1.0000  0.9960  0.9960  0.9750  0.0000  0.0000  0.0000  0.0000  0.0000  0.0000  0.0000  0.0000  0.0000  0.0000 
 0.0070  0.0619  0.0860  0.1240  0.1830  0.3270  0.4090  0.3610  0.3100  0.2340  0.2910  0.7670  0.9120  0.9590  0.9750  0.9810  0.9880  0.9920  0.9940  0.9960  1.0000  0.9990  0.9770  0.0000  0.0000  0.0000  0.0000  0.0000  0.0000  0.0000  0.0000  0.0000  0.0000 
 0.0070  0.0619  0.0860  0.1240  0.1830  0.3270  0.4090  0.3610  0.3100  0.2340  0.2910  0.7670  0.9120  0.9590  0.9750  0.9810  0.9880  0.9920  0.9940  0.9960  0.9990  1.0000  0.9770  0.0000  0.0000  0.0000  0.0000  0.0000  0.0000  0.0000  0.0000  0.0000  0.0000 
 0.0066  0.0569  0.0820  0.1170  0.1710  0.3110  0.3900  0.3440  0.2960  0.2250  0.2830  0.7510  0.8920  0.9360  0.9520  0.9590  0.9640  0.9700  0.9730  0.9750  0.9770  0.9770  1.0000  0.1380  0.1100  0.1240  0.1140  0.0950  0.0850  0.0780  0.0670  0.0890  0.1040 
 0.0000  0.0000  0.0000  0.0000  0.0000  0.0000  0.0000  0.0000  0.0000  0.0000  0.0000  0.0000  0.0000  0.0000  0.0000  0.0000  0.0000  0.0000  0.0000  0.0000  0.0000  0.0000  0.1380  1.0000  0.6690  0.7590  0.6970  0.5770  0.5200  0.4790  0.4180  0.5590  0.6690 
 0.0000  0.0000  0.0000  0.0000  0.0000  0.0000  0.0000  0.0000  0.0000  0.0000  0.0000  0.0000  0.0000  0.0000  0.0000  0.0000  0.0000  0.0000  0.0000  0.0000  0.0000  0.0000  0.1100  0.6690  1.0000  0.6040  0.5550  0.4570  0.4160  0.3810  0.3260  0.4370  0.5090 
 0.0000  0.0000  0.0000  0.0000  0.0000  0.0000  0.0000  0.0000  0.0000  0.0000  0.0000  0.0000  0.0000  0.0000  0.0000  0.0000  0.0000  0.0000  0.0000  0.0000  0.0000  0.0000  0.1240  0.7590  0.6040  1.0000  0.6340  0.5240  0.4720  0.4330  0.3760  0.5070  0.6080 
 0.0000  0.0000  0.0000  0.0000  0.0000  0.0000  0.0000  0.0000  0.0000  0.0000  0.0000  0.0000  0.0000  0.0000  0.0000  0.0000  0.0000  0.0000  0.0000  0.0000  0.0000  0.0000  0.1140  0.6970  0.5550  0.6340  1.0000  0.4790  0.4350  0.3970  0.3400  0.4640  0.5550 
 0.0000  0.0000  0.0000  0.0000  0.0000  0.0000  0.0000  0.0000  0.0000  0.0000  0.0000  0.0000  0.0000  0.0000  0.0000  0.0000  0.0000  0.0000  0.0000  0.0000  0.0000  0.0000  0.0950  0.5770  0.4570  0.5240  0.4790  1.0000  0.3630  0.3260  0.2690  0.3900  0.4780 
 0.0000  0.0000  0.0000  0.0000  0.0000  0.0000  0.0000  0.0000  0.0000  0.0000  0.0000  0.0000  0.0000  0.0000  0.0000  0.0000  0.0000  0.0000  0.0000  0.0000  0.0000  0.0000  0.0850  0.5200  0.4160  0.4720  0.4350  0.3630  1.0000  0.2930  0.2460  0.3410  0.3980 
 0.0000  0.0000  0.0000  0.0000  0.0000  0.0000  0.0000  0.0000  0.0000  0.0000  0.0000  0.0000  0.0000  0.0000  0.0000  0.0000  0.0000  0.0000  0.0000  0.0000  0.0000  0.0000  0.0780  0.4790  0.3810  0.4330  0.3970  0.3260  0.2930  1.0000  0.1840  0.3240  0.3870 
 0.0000  0.0000  0.0000  0.0000  0.0000  0.0000  0.0000  0.0000  0.0000  0.0000  0.0000  0.0000  0.0000  0.0000  0.0000  0.0000  0.0000  0.0000  0.0000  0.0000  0.0000  0.0000  0.0670  0.4180  0.3260  0.3760  0.3400  0.2690  0.2460  0.1840  1.0000  0.3290  0.4270 
 0.0000  0.0000  0.0000  0.0000  0.0000  0.0000  0.0000  0.0000  0.0000  0.0000  0.0000  0.0000  0.0000  0.0000  0.0000  0.0000  0.0000  0.0000  0.0000  0.0000  0.0000  0.0000  0.0890  0.5590  0.4370  0.5070  0.4640  0.3900  0.3410  0.3240  0.3290  1.0000  0.6560 
 0.0000  0.0000  0.0000  0.0000  0.0000  0.0000  0.0000  0.0000  0.0000  0.0000  0.0000  0.0000  0.0000  0.0000  0.0000  0.0000  0.0000  0.0000  0.0000  0.0000  0.0000  0.0000  0.1040  0.6690  0.5090  0.6080  0.5550  0.4780  0.3980  0.3870  0.4270  0.6560  1.0000 
