 1.0000  0.8840  0.1710  0.0890  0.0690 -0.0040  0.0190  0.0380  0.0580  0.0710  0.0770  0.0250 -0.0030 -0.0080  0.0140  0.0680  0.0930  0.0920  0.0000  0.0000  0.0000  0.0000  0.0000  0.0000  0.0000  0.0000  0.0000  0.0000  0.0000  0.0000  0.0000  0.0000  0.0000 
 0.8840  1.0000  0.5700  0.4110  0.1390 -0.1330 -0.0730 -0.0120  0.0300  0.0640  0.1140  0.0530  0.0140  0.0130  0.0630  0.1560  0.1960  0.1870  0.0000  0.0000  0.0000  0.0000  0.0000  0.0000  0.0000  0.0000  0.0000  0.0000  0.0000  0.0000  0.0000  0.0000  0.0000 
 0.1710  0.5700  1.0000  0.8820  0.3750 -0.1450  0.0450  0.1290  0.1560  0.1370  0.0510  0.0690  0.0830  0.1150  0.2010  0.3010  0.3250  0.3110  0.0000  0.0000  0.0000  0.0000  0.0000  0.0000  0.0000  0.0000  0.0000  0.0000  0.0000  0.0000  0.0000  0.0000  0.0000 
 0.0890  0.4110  0.8820  1.0000  0.7440 -0.1450  0.3050  0.4510  0.4580  0.3480  0.0050  0.1020  0.1890  0.2740  0.4470  0.6250  0.6550  0.6210  0.0000  0.0000  0.0000  0.0000  0.0000  0.0000  0.0000  0.0000  0.0000  0.0000  0.0000  0.0000  0.0000  0.0000  0.0000 
 0.0690  0.1390  0.3750  0.7440  1.0000  0.0240  0.6500  0.8170  0.8020  0.6280  0.0600  0.1940  0.3110  0.4150  0.6310  0.8490  0.8770  0.8300  0.0000  0.0000  0.0000  0.0000  0.0000  0.0000  0.0000  0.0000  0.0000  0.0000  0.0000  0.0000  0.0000  0.0000  0.0000 
-0.0040 -0.1330 -0.1450 -0.1450  0.0240  1.0000  0.7500  0.5570  0.5270  0.5600  0.4540  0.2100  0.0410 -0.0850 -0.2240 -0.2980 -0.2900 -0.2750  0.0000  0.0000  0.0000  0.0000  0.0000  0.0000  0.0000  0.0000  0.0000  0.0000  0.0000  0.0000  0.0000  0.0000  0.0000 
 0.0190 -0.0730  0.0450  0.3050  0.6500  0.7500  1.0000  0.9590  0.9160  0.8170  0.3430  0.3370  0.3220  0.3030  0.3220  0.3420  0.3260  0.3060  0.0000  0.0000  0.0000  0.0000  0.0000  0.0000  0.0000  0.0000  0.0000  0.0000  0.0000  0.0000  0.0000  0.0000  0.0000 
 0.0380 -0.0120  0.1290  0.4510  0.8170  0.5570  0.9590  1.0000  0.9750  0.8660  0.3470  0.4040  0.4260  0.4370  0.5140  0.5840  0.5680  0.5320  0.0000  0.0000  0.0000  0.0000  0.0000  0.0000  0.0000  0.0000  0.0000  0.0000  0.0000  0.0000  0.0000  0.0000  0.0000 
 0.0580  0.0300  0.1560  0.4580  0.8020  0.5270  0.9160  0.9750  1.0000  0.9450  0.5120  0.5350  0.5090  0.4980  0.5660  0.6460  0.6300  0.5930  0.0000  0.0000  0.0000  0.0000  0.0000  0.0000  0.0000  0.0000  0.0000  0.0000  0.0000  0.0000  0.0000  0.0000  0.0000 
 0.0710  0.0640  0.1370  0.3480  0.6280  0.5600  0.8170  0.8660  0.9450  1.0000  0.7600  0.7140  0.5990  0.5300  0.5390  0.5770  0.5510  0.5180  0.0000  0.0000  0.0000  0.0000  0.0000  0.0000  0.0000  0.0000  0.0000  0.0000  0.0000  0.0000  0.0000  0.0000  0.0000 
 0.0770  0.1140  0.0510  0.0050  0.0600  0.4540  0.3430  0.3470  0.5120  0.7600  1.0000  0.7920  0.5210  0.3560  0.2520  0.2160  0.1980  0.1830  0.0000  0.0000  0.0000  0.0000  0.0000  0.0000  0.0000  0.0000  0.0000  0.0000  0.0000  0.0000  0.0000  0.0000  0.0000 
 0.0250  0.0530  0.0690  0.1020  0.1940  0.2100  0.3370  0.4040  0.5350  0.7140  0.7920  1.0000  0.9280  0.8380  0.7140  0.4800  0.3080  0.2720  0.0000  0.0000  0.0000  0.0000  0.0000  0.0000  0.0000  0.0000  0.0000  0.0000  0.0000  0.0000  0.0000  0.0000  0.0000 
-0.0030  0.0140  0.0830  0.1890  0.3110  0.0410  0.3220  0.4260  0.5090  0.5990  0.5210  0.9280  1.0000  0.9740  0.8790  0.6000  0.3750  0.3300  0.0000  0.0000  0.0000  0.0000  0.0000  0.0000  0.0000  0.0000  0.0000  0.0000  0.0000  0.0000  0.0000  0.0000  0.0000 
-0.0080  0.0130  0.1150  0.2740  0.4150 -0.0850  0.3030  0.4370  0.4980  0.5300  0.3560  0.8380  0.9740  1.0000  0.9480  0.6930  0.4660  0.4170  0.0000  0.0000  0.0000  0.0000  0.0000  0.0000  0.0000  0.0000  0.0000  0.0000  0.0000  0.0000  0.0000  0.0000  0.0000 
 0.0140  0.0630  0.2010  0.4470  0.6310 -0.2240  0.3220  0.5140  0.5660  0.5390  0.2520  0.7140  0.8790  0.9480  1.0000  0.8740  0.7020  0.6450  0.0000  0.0000  0.0000  0.0000  0.0000  0.0000  0.0000  0.0000  0.0000  0.0000  0.0000  0.0000  0.0000  0.0000  0.0000 
 0.0680  0.1560  0.3010  0.6250  0.8490 -0.2980  0.3420  0.5840  0.6460  0.5770  0.2160  0.4800  0.6000  0.6930  0.8740  1.0000  0.9550  0.8970  0.0000  0.0000  0.0000  0.0000  0.0000  0.0000  0.0000  0.0000  0.0000  0.0000  0.0000  0.0000  0.0000  0.0000  0.0000 
 0.0930  0.1960  0.3250  0.6550  0.8770 -0.2900  0.3260  0.5680  0.6300  0.5510  0.1980  0.3080  0.3750  0.4660  0.7020  0.9550  1.0000  0.9450  0.0000  0.0000  0.0000  0.0000  0.0000  0.0000  0.0000  0.0000  0.0000  0.0000  0.0000  0.0000  0.0000  0.0000  0.0000 
 0.0920  0.1870  0.3110  0.6210  0.8300 -0.2750  0.3060  0.5320  0.5930  0.5180  0.1830  0.2720  0.3300  0.4170  0.6450  0.8970  0.9450  1.0000  0.3150  0.3150  0.3150  0.3150  0.3150  0.3150  0.3150  0.3150  0.3150  0.3150  0.3150  0.3150  0.3150  0.0110  0.0000 
 0.0000  0.0000  0.0000  0.0000  0.0000  0.0000  0.0000  0.0000  0.0000  0.0000  0.0000  0.0000  0.0000  0.0000  0.0000  0.0000  0.0000  0.3150  1.0000  0.9990  0.9990  0.9990  0.9990  0.9990  0.9990  0.9990  0.9990  0.9990  0.9990  0.9990  0.9990  0.0370  0.0000 
 0.0000  0.0000  0.0000  0.0000  0.0000  0.0000  0.0000  0.0000  0.0000  0.0000  0.0000  0.0000  0.0000  0.0000  0.0000  0.0000  0.0000  0.3150  0.9990  1.0000  0.9990  0.9990  0.9990  0.9990  0.9990  0.9990  0.9990  0.9990  0.9990  0.9990  0.9990  0.0370  0.0000 
 0.0000  0.0000  0.0000  0.0000  0.0000  0.0000  0.0000  0.0000  0.0000  0.0000  0.0000  0.0000  0.0000  0.0000  0.0000  0.0000  0.0000  0.3150  0.9990  0.9990  1.0000  0.9990  0.9990  0.9990  0.9990  0.9990  0.9990  0.9990  0.9990  0.9990  0.9990  0.0370  0.0000 
 0.0000  0.0000  0.0000  0.0000  0.0000  0.0000  0.0000  0.0000  0.0000  0.0000  0.0000  0.0000  0.0000  0.0000  0.0000  0.0000  0.0000  0.3150  0.9990  0.9990  0.9990  1.0000  0.9990  0.9990  0.9990  0.9990  0.9990  0.9990  0.9990  0.9990  0.9990  0.0370  0.0000 
 0.0000  0.0000  0.0000  0.0000  0.0000  0.0000  0.0000  0.0000  0.0000  0.0000  0.0000  0.0000  0.0000  0.0000  0.0000  0.0000  0.0000  0.3150  0.9990  0.9990  0.9990  0.9990  1.0000  0.9990  0.9990  0.9990  0.9990  0.9990  0.9990  0.9990  0.9990  0.0370  0.0000 
 0.0000  0.0000  0.0000  0.0000  0.0000  0.0000  0.0000  0.0000  0.0000  0.0000  0.0000  0.0000  0.0000  0.0000  0.0000  0.0000  0.0000  0.3150  0.9990  0.9990  0.9990  0.9990  0.9990  1.0000  0.9990  0.9990  0.9990  0.9990  0.9990  0.9990  0.9990  0.0370  0.0000 
 0.0000  0.0000  0.0000  0.0000  0.0000  0.0000  0.0000  0.0000  0.0000  0.0000  0.0000  0.0000  0.0000  0.0000  0.0000  0.0000  0.0000  0.3150  0.9990  0.9990  0.9990  0.9990  0.9990  0.9990  1.0000  0.9990  0.9990  0.9990  0.9990  0.9990  0.9990  0.0370  0.0000 
 0.0000  0.0000  0.0000  0.0000  0.0000  0.0000  0.0000  0.0000  0.0000  0.0000  0.0000  0.0000  0.0000  0.0000  0.0000  0.0000  0.0000  0.3150  0.9990  0.9990  0.9990  0.9990  0.9990  0.9990  0.9990  1.0000  0.9990  0.9990  0.9990  0.9990  0.9990  0.0370  0.0000 
 0.0000  0.0000  0.0000  0.0000  0.0000  0.0000  0.0000  0.0000  0.0000  0.0000  0.0000  0.0000  0.0000  0.0000  0.0000  0.0000  0.0000  0.3150  0.9990  0.9990  0.9990  0.9990  0.9990  0.9990  0.9990  0.9990  1.0000  0.9990  0.9990  0.9990  0.9990  0.0370  0.0000 
 0.0000  0.0000  0.0000  0.0000  0.0000  0.0000  0.0000  0.0000  0.0000  0.0000  0.0000  0.0000  0.0000  0.0000  0.0000  0.0000  0.0000  0.3150  0.9990  0.9990  0.9990  0.9990  0.9990  0.9990  0.9990  0.9990  0.9990  1.0000  0.9990  0.9990  0.9990  0.0370  0.0000 
 0.0000  0.0000  0.0000  0.0000  0.0000  0.0000  0.0000  0.0000  0.0000  0.0000  0.0000  0.0000  0.0000  0.0000  0.0000  0.0000  0.0000  0.3150  0.9990  0.9990  0.9990  0.9990  0.9990  0.9990  0.9990  0.9990  0.9990  0.9990  1.0000  0.9990  0.9990  0.0370  0.0000 
 0.0000  0.0000  0.0000  0.0000  0.0000  0.0000  0.0000  0.0000  0.0000  0.0000  0.0000  0.0000  0.0000  0.0000  0.0000  0.0000  0.0000  0.3150  0.9990  0.9990  0.9990  0.9990  0.9990  0.9990  0.9990  0.9990  0.9990  0.9990  0.9990  1.0000  0.9990  0.0370  0.0000 
 0.0000  0.0000  0.0000  0.0000  0.0000  0.0000  0.0000  0.0000  0.0000  0.0000  0.0000  0.0000  0.0000  0.0000  0.0000  0.0000  0.0000  0.3150  0.9990  0.9990  0.9990  0.9990  0.9990  0.9990  0.9990  0.9990  0.9990  0.9990  0.9990  0.9990  1.0000  0.0370  0.0000 
 0.0000  0.0000  0.0000  0.0000  0.0000  0.0000  0.0000  0.0000  0.0000  0.0000  0.0000  0.0000  0.0000  0.0000  0.0000  0.0000  0.0000  0.0110  0.0370  0.0370  0.0370  0.0370  0.0370  0.0370  0.0370  0.0370  0.0370  0.0370  0.0370  0.0370  0.0370  1.0000  0.9950 
 0.0000  0.0000  0.0000  0.0000  0.0000  0.0000  0.0000  0.0000  0.0000  0.0000  0.0000  0.0000  0.0000  0.0000  0.0000  0.0000  0.0000  0.0000  0.0000  0.0000  0.0000  0.0000  0.0000  0.0000  0.0000  0.0000  0.0000  0.0000  0.0000  0.0000  0.0000  0.9950  1.0000 
