 1.0000  0.0000  0.0002  0.0002  0.0002  0.0002  0.0000  0.0000  0.0000  0.0000  0.0000  0.0000  0.0000  0.0000  0.0000  0.0000  0.0000  0.0000  0.0000  0.0000  0.0000  0.0000  0.0000  0.0000  0.0000  0.0000  0.0000  0.0000  0.0000  0.0000  0.0000  0.0000  0.0000 
 0.0000  1.0000  0.0146  0.0125  0.0125  0.0105  0.0000  0.0000  0.0000  0.0000  0.0000  0.0000  0.0000  0.0000  0.0000  0.0000  0.0000  0.0000  0.0000  0.0000  0.0000  0.0000  0.0000  0.0000  0.0000  0.0000  0.0000  0.0000  0.0000  0.0000  0.0000  0.0000  0.0000 
 0.0002  0.0146  1.0000  0.9580  0.9580  0.8820  0.2900  0.2900  0.2900  0.2900  0.2900  0.2900  0.2900  0.2900  0.2900  0.2900  0.2900  0.2900  0.2900  0.2900  0.2900  0.2900  0.2900  0.2870  0.0000  0.0000  0.0000  0.0000  0.0000  0.0000  0.0000  0.0000  0.0000 
 0.0002  0.0125  0.9580  1.0000  0.9990  0.9710  0.4990  0.4990  0.4990  0.4990  0.4990  0.4990  0.4990  0.4990  0.4990  0.4990  0.4990  0.4990  0.4990  0.4990  0.4990  0.4990  0.4990  0.4910  0.0000  0.0000  0.0000  0.0000  0.0000  0.0000  0.0000  0.0000  0.0000 
 0.0002  0.0125  0.9580  0.9990  1.0000  0.9710  0.4990  0.4990  0.4990  0.4990  0.4990  0.4990  0.4990  0.4990  0.4990  0.4990  0.4990  0.4990  0.4990  0.4990  0.4990  0.4990  0.4990  0.4910  0.0000  0.0000  0.0000  0.0000  0.0000  0.0000  0.0000  0.0000  0.0000 
 0.0002  0.0105  0.8820  0.9710  0.9710  1.0000  0.6850  0.6850  0.6850  0.6850  0.6850  0.6850  0.6850  0.6850  0.6850  0.6850  0.6850  0.6850  0.6850  0.6850  0.6850  0.6850  0.6850  0.6770  0.0260  0.0260  0.0260  0.0260  0.0260  0.0260  0.0260  0.0260  0.0260 
 0.0000  0.0000  0.2900  0.4990  0.4990  0.6850  1.0000  0.9990  0.9990  0.9990  0.9990  0.9990  0.9990  0.9990  0.9990  0.9990  0.9990  0.9990  0.9990  0.9990  0.9990  0.9990  0.9990  0.9930  0.1000  0.1000  0.1000  0.1000  0.1000  0.1000  0.1000  0.1000  0.1000 
 0.0000  0.0000  0.2900  0.4990  0.4990  0.6850  0.9990  1.0000  0.9990  0.9990  0.9990  0.9990  0.9990  0.9990  0.9990  0.9990  0.9990  0.9990  0.9990  0.9990  0.9990  0.9990  0.9990  0.9930  0.1000  0.1000  0.1000  0.1000  0.1000  0.1000  0.1000  0.1000  0.1000 
 0.0000  0.0000  0.2900  0.4990  0.4990  0.6850  0.9990  0.9990  1.0000  0.9990  0.9990  0.9990  0.9990  0.9990  0.9990  0.9990  0.9990  0.9990  0.9990  0.9990  0.9990  0.9990  0.9990  0.9930  0.1000  0.1000  0.1000  0.1000  0.1000  0.1000  0.1000  0.1000  0.1000 
 0.0000  0.0000  0.2900  0.4990  0.4990  0.6850  0.9990  0.9990  0.9990  1.0000  0.9990  0.9990  0.9990  0.9990  0.9990  0.9990  0.9990  0.9990  0.9990  0.9990  0.9990  0.9990  0.9990  0.9930  0.1000  0.1000  0.1000  0.1000  0.1000  0.1000  0.1000  0.1000  0.1000 
 0.0000  0.0000  0.2900  0.4990  0.4990  0.6850  0.9990  0.9990  0.9990  0.9990  1.0000  0.9990  0.9990  0.9990  0.9990  0.9990  0.9990  0.9990  0.9990  0.9990  0.9990  0.9990  0.9990  0.9930  0.1000  0.1000  0.1000  0.1000  0.1000  0.1000  0.1000  0.1000  0.1000 
 0.0000  0.0000  0.2900  0.4990  0.4990  0.6850  0.9990  0.9990  0.9990  0.9990  0.9990  1.0000  0.9990  0.9990  0.9990  0.9990  0.9990  0.9990  0.9990  0.9990  0.9990  0.9990  0.9990  0.9930  0.1000  0.1000  0.1000  0.1000  0.1000  0.1000  0.1000  0.1000  0.1000 
 0.0000  0.0000  0.2900  0.4990  0.4990  0.6850  0.9990  0.9990  0.9990  0.9990  0.9990  0.9990  1.0000  0.9990  0.9990  0.9990  0.9990  0.9990  0.9990  0.9990  0.9990  0.9990  0.9990  0.9930  0.1000  0.1000  0.1000  0.1000  0.1000  0.1000  0.1000  0.1000  0.1000 
 0.0000  0.0000  0.2900  0.4990  0.4990  0.6850  0.9990  0.9990  0.9990  0.9990  0.9990  0.9990  0.9990  1.0000  0.9990  0.9990  0.9990  0.9990  0.9990  0.9990  0.9990  0.9990  0.9990  0.9930  0.1000  0.1000  0.1000  0.1000  0.1000  0.1000  0.1000  0.1000  0.1000 
 0.0000  0.0000  0.2900  0.4990  0.4990  0.6850  0.9990  0.9990  0.9990  0.9990  0.9990  0.9990  0.9990  0.9990  1.0000  0.9990  0.9990  0.9990  0.9990  0.9990  0.9990  0.9990  0.9990  0.9930  0.1000  0.1000  0.1000  0.1000  0.1000  0.1000  0.1000  0.1000  0.1000 
 0.0000  0.0000  0.2900  0.4990  0.4990  0.6850  0.9990  0.9990  0.9990  0.9990  0.9990  0.9990  0.9990  0.9990  0.9990  1.0000  0.9990  0.9990  0.9990  0.9990  0.9990  0.9990  0.9990  0.9930  0.1000  0.1000  0.1000  0.1000  0.1000  0.1000  0.1000  0.1000  0.1000 
 0.0000  0.0000  0.2900  0.4990  0.4990  0.6850  0.9990  0.9990  0.9990  0.9990  0.9990  0.9990  0.9990  0.9990  0.9990  0.9990  1.0000  0.9990  0.9990  0.9990  0.9990  0.9990  0.9990  0.9930  0.1000  0.1000  0.1000  0.1000  0.1000  0.1000  0.1000  0.1000  0.1000 
 0.0000  0.0000  0.2900  0.4990  0.4990  0.6850  0.9990  0.9990  0.9990  0.9990  0.9990  0.9990  0.9990  0.9990  0.9990  0.9990  0.9990  1.0000  0.9990  0.9990  0.9990  0.9990  0.9990  0.9930  0.1000  0.1000  0.1000  0.1000  0.1000  0.1000  0.1000  0.1000  0.1000 
 0.0000  0.0000  0.2900  0.4990  0.4990  0.6850  0.9990  0.9990  0.9990  0.9990  0.9990  0.9990  0.9990  0.9990  0.9990  0.9990  0.9990  0.9990  1.0000  0.9990  0.9990  0.9990  0.9990  0.9930  0.1000  0.1000  0.1000  0.1000  0.1000  0.1000  0.1000  0.1000  0.1000 
 0.0000  0.0000  0.2900  0.4990  0.4990  0.6850  0.9990  0.9990  0.9990  0.9990  0.9990  0.9990  0.9990  0.9990  0.9990  0.9990  0.9990  0.9990  0.9990  1.0000  0.9990  0.9990  0.9990  0.9930  0.1000  0.1000  0.1000  0.1000  0.1000  0.1000  0.1000  0.1000  0.1000 
 0.0000  0.0000  0.2900  0.4990  0.4990  0.6850  0.9990  0.9990  0.9990  0.9990  0.9990  0.9990  0.9990  0.9990  0.9990  0.9990  0.9990  0.9990  0.9990  0.9990  1.0000  0.9990  0.9990  0.9930  0.1000  0.1000  0.1000  0.1000  0.1000  0.1000  0.1000  0.1000  0.1000 
 0.0000  0.0000  0.2900  0.4990  0.4990  0.6850  0.9990  0.9990  0.9990  0.9990  0.9990  0.9990  0.9990  0.9990  0.9990  0.9990  0.9990  0.9990  0.9990  0.9990  0.9990  1.0000  0.9990  0.9930  0.1000  0.1000  0.1000  0.1000  0.1000  0.1000  0.1000  0.1000  0.1000 
 0.0000  0.0000  0.2900  0.4990  0.4990  0.6850  0.9990  0.9990  0.9990  0.9990  0.9990  0.9990  0.9990  0.9990  0.9990  0.9990  0.9990  0.9990  0.9990  0.9990  0.9990  0.9990  1.0000  0.9930  0.1000  0.1000  0.1000  0.1000  0.1000  0.1000  0.1000  0.1000  0.1000 
 0.0000  0.0000  0.2870  0.4910  0.4910  0.6770  0.9930  0.9930  0.9930  0.9930  0.9930  0.9930  0.9930  0.9930  0.9930  0.9930  0.9930  0.9930  0.9930  0.9930  0.9930  0.9930  0.9930  1.0000  0.1980  0.1980  0.1980  0.1980  0.1980  0.1980  0.1980  0.1980  0.1980 
 0.0000  0.0000  0.0000  0.0000  0.0000  0.0260  0.1000  0.1000  0.1000  0.1000  0.1000  0.1000  0.1000  0.1000  0.1000  0.1000  0.1000  0.1000  0.1000  0.1000  0.1000  0.1000  0.1000  0.1980  1.0000  0.9990  0.9990  0.9990  0.9990  0.9990  0.9990  0.9990  0.9990 
 0.0000  0.0000  0.0000  0.0000  0.0000  0.0260  0.1000  0.1000  0.1000  0.1000  0.1000  0.1000  0.1000  0.1000  0.1000  0.1000  0.1000  0.1000  0.1000  0.1000  0.1000  0.1000  0.1000  0.1980  0.9990  1.0000  0.9990  0.9990  0.9990  0.9990  0.9990  0.9990  0.9990 
 0.0000  0.0000  0.0000  0.0000  0.0000  0.0260  0.1000  0.1000  0.1000  0.1000  0.1000  0.1000  0.1000  0.1000  0.1000  0.1000  0.1000  0.1000  0.1000  0.1000  0.1000  0.1000  0.1000  0.1980  0.9990  0.9990  1.0000  0.9990  0.9990  0.9990  0.9990  0.9990  0.9990 
 0.0000  0.0000  0.0000  0.0000  0.0000  0.0260  0.1000  0.1000  0.1000  0.1000  0.1000  0.1000  0.1000  0.1000  0.1000  0.1000  0.1000  0.1000  0.1000  0.1000  0.1000  0.1000  0.1000  0.1980  0.9990  0.9990  0.9990  1.0000  0.9990  0.9990  0.9990  0.9990  0.9990 
 0.0000  0.0000  0.0000  0.0000  0.0000  0.0260  0.1000  0.1000  0.1000  0.1000  0.1000  0.1000  0.1000  0.1000  0.1000  0.1000  0.1000  0.1000  0.1000  0.1000  0.1000  0.1000  0.1000  0.1980  0.9990  0.9990  0.9990  0.9990  1.0000  0.9990  0.9990  0.9990  0.9990 
 0.0000  0.0000  0.0000  0.0000  0.0000  0.0260  0.1000  0.1000  0.1000  0.1000  0.1000  0.1000  0.1000  0.1000  0.1000  0.1000  0.1000  0.1000  0.1000  0.1000  0.1000  0.1000  0.1000  0.1980  0.9990  0.9990  0.9990  0.9990  0.9990  1.0000  0.9990  0.9990  0.9990 
 0.0000  0.0000  0.0000  0.0000  0.0000  0.0260  0.1000  0.1000  0.1000  0.1000  0.1000  0.1000  0.1000  0.1000  0.1000  0.1000  0.1000  0.1000  0.1000  0.1000  0.1000  0.1000  0.1000  0.1980  0.9990  0.9990  0.9990  0.9990  0.9990  0.9990  1.0000  0.9990  0.9990 
 0.0000  0.0000  0.0000  0.0000  0.0000  0.0260  0.1000  0.1000  0.1000  0.1000  0.1000  0.1000  0.1000  0.1000  0.1000  0.1000  0.1000  0.1000  0.1000  0.1000  0.1000  0.1000  0.1000  0.1980  0.9990  0.9990  0.9990  0.9990  0.9990  0.9990  0.9990  1.0000  0.9990 
 0.0000  0.0000  0.0000  0.0000  0.0000  0.0260  0.1000  0.1000  0.1000  0.1000  0.1000  0.1000  0.1000  0.1000  0.1000  0.1000  0.1000  0.1000  0.1000  0.1000  0.1000  0.1000  0.1000  0.1980  0.9990  0.9990  0.9990  0.9990  0.9990  0.9990  0.9990  0.9990  1.0000 
