 1.0000  0.0190  0.0070  0.0120  0.0100  0.0100  0.0100  0.0100  0.0100  0.0100  0.0100  0.0100  0.0120  0.0040  0.0040  0.0040  0.0040  0.0040  0.0040  0.0040  0.0040  0.0040  0.0040  0.0040  0.0030  0.0030  0.0030  0.0030  0.0010  0.0000  0.0000  0.0000  0.0000 
 0.0190  1.0000  0.0450  0.1850  0.1560  0.1560  0.1560  0.1560  0.1560  0.1560  0.1560  0.1560  0.1790  0.0690  0.0690  0.0690  0.0690  0.0690  0.0690  0.0690  0.0690  0.0690  0.0690  0.0700  0.0420  0.0420  0.0420  0.0420  0.0440  0.0010  0.0010  0.0010  0.0010 
 0.0070  0.0450  1.0000  0.2870  0.1460  0.1460  0.1460  0.1460  0.1460  0.1460  0.1460  0.1460  0.2020  0.1060  0.1060  0.1060  0.1060  0.1060  0.1060  0.1060  0.1060  0.1060  0.1060  0.1090  0.0510  0.0510  0.0510  0.0510  0.0540  0.0040  0.0040  0.0040  0.0040 
 0.0120  0.1850  0.2870  1.0000  0.1960  0.1960  0.1960  0.1960  0.1960  0.1960  0.1960  0.1960  0.3940  0.3000  0.3000  0.3000  0.3000  0.3000  0.3000  0.3000  0.3000  0.3000  0.3000  0.3070  0.1110  0.1110  0.1110  0.1110  0.1250  0.0140  0.0140  0.0140  0.0140 
 0.0100  0.1560  0.1460  0.1960  1.0000  0.9990  0.9990  0.9990  0.9990  0.9990  0.9990  0.9990  0.6260 -0.2080 -0.2080 -0.2080 -0.2080 -0.2080 -0.2080 -0.2080 -0.2080 -0.2080 -0.2080 -0.1980  0.1040  0.1040  0.1040  0.1040  0.1290  0.0270  0.0270  0.0270  0.0270 
 0.0100  0.1560  0.1460  0.1960  0.9990  1.0000  0.9990  0.9990  0.9990  0.9990  0.9990  0.9990  0.6260 -0.2080 -0.2080 -0.2080 -0.2080 -0.2080 -0.2080 -0.2080 -0.2080 -0.2080 -0.2080 -0.1980  0.1040  0.1040  0.1040  0.1040  0.1290  0.0270  0.0270  0.0270  0.0270 
 0.0100  0.1560  0.1460  0.1960  0.9990  0.9990  1.0000  0.9990  0.9990  0.9990  0.9990  0.9990  0.6260 -0.2080 -0.2080 -0.2080 -0.2080 -0.2080 -0.2080 -0.2080 -0.2080 -0.2080 -0.2080 -0.1980  0.1040  0.1040  0.1040  0.1040  0.1290  0.0270  0.0270  0.0270  0.0270 
 0.0100  0.1560  0.1460  0.1960  0.9990  0.9990  0.9990  1.0000  0.9990  0.9990  0.9990  0.9990  0.6260 -0.2080 -0.2080 -0.2080 -0.2080 -0.2080 -0.2080 -0.2080 -0.2080 -0.2080 -0.2080 -0.1980  0.1040  0.1040  0.1040  0.1040  0.1290  0.0270  0.0270  0.0270  0.0270 
 0.0100  0.1560  0.1460  0.1960  0.9990  0.9990  0.9990  0.9990  1.0000  0.9990  0.9990  0.9990  0.6260 -0.2080 -0.2080 -0.2080 -0.2080 -0.2080 -0.2080 -0.2080 -0.2080 -0.2080 -0.2080 -0.1980  0.1040  0.1040  0.1040  0.1040  0.1290  0.0270  0.0270  0.0270  0.0270 
 0.0100  0.1560  0.1460  0.1960  0.9990  0.9990  0.9990  0.9990  0.9990  1.0000  0.9990  0.9990  0.6260 -0.2080 -0.2080 -0.2080 -0.2080 -0.2080 -0.2080 -0.2080 -0.2080 -0.2080 -0.2080 -0.1980  0.1040  0.1040  0.1040  0.1040  0.1290  0.0270  0.0270  0.0270  0.0270 
 0.0100  0.1560  0.1460  0.1960  0.9990  0.9990  0.9990  0.9990  0.9990  0.9990  1.0000  0.9990  0.6260 -0.2080 -0.2080 -0.2080 -0.2080 -0.2080 -0.2080 -0.2080 -0.2080 -0.2080 -0.2080 -0.1980  0.1040  0.1040  0.1040  0.1040  0.1290  0.0270  0.0270  0.0270  0.0270 
 0.0100  0.1560  0.1460  0.1960  0.9990  0.9990  0.9990  0.9990  0.9990  0.9990  0.9990  1.0000  0.6260 -0.2080 -0.2080 -0.2080 -0.2080 -0.2080 -0.2080 -0.2080 -0.2080 -0.2080 -0.2080 -0.1980  0.1040  0.1040  0.1040  0.1040  0.1290  0.0270  0.0270  0.0270  0.0270 
 0.0120  0.1790  0.2020  0.3940  0.6260  0.6260  0.6260  0.6260  0.6260  0.6260  0.6260  0.6260  1.0000  0.6290  0.6290  0.6290  0.6290  0.6290  0.6290  0.6290  0.6290  0.6290  0.6290  0.6340  0.1230  0.1230  0.1230  0.1230  0.1590  0.0410  0.0410  0.0410  0.0410 
 0.0040  0.0690  0.1060  0.3000 -0.2080 -0.2080 -0.2080 -0.2080 -0.2080 -0.2080 -0.2080 -0.2080  0.6290  1.0000  0.9990  0.9990  0.9990  0.9990  0.9990  0.9990  0.9990  0.9990  0.9990  0.9950  0.0500  0.0500  0.0500  0.0500  0.0710  0.0240  0.0240  0.0240  0.0240 
 0.0040  0.0690  0.1060  0.3000 -0.2080 -0.2080 -0.2080 -0.2080 -0.2080 -0.2080 -0.2080 -0.2080  0.6290  0.9990  1.0000  0.9990  0.9990  0.9990  0.9990  0.9990  0.9990  0.9990  0.9990  0.9950  0.0500  0.0500  0.0500  0.0500  0.0710  0.0240  0.0240  0.0240  0.0240 
 0.0040  0.0690  0.1060  0.3000 -0.2080 -0.2080 -0.2080 -0.2080 -0.2080 -0.2080 -0.2080 -0.2080  0.6290  0.9990  0.9990  1.0000  0.9990  0.9990  0.9990  0.9990  0.9990  0.9990  0.9990  0.9950  0.0500  0.0500  0.0500  0.0500  0.0710  0.0240  0.0240  0.0240  0.0240 
 0.0040  0.0690  0.1060  0.3000 -0.2080 -0.2080 -0.2080 -0.2080 -0.2080 -0.2080 -0.2080 -0.2080  0.6290  0.9990  0.9990  0.9990  1.0000  0.9990  0.9990  0.9990  0.9990  0.9990  0.9990  0.9950  0.0500  0.0500  0.0500  0.0500  0.0710  0.0240  0.0240  0.0240  0.0240 
 0.0040  0.0690  0.1060  0.3000 -0.2080 -0.2080 -0.2080 -0.2080 -0.2080 -0.2080 -0.2080 -0.2080  0.6290  0.9990  0.9990  0.9990  0.9990  1.0000  0.9990  0.9990  0.9990  0.9990  0.9990  0.9950  0.0500  0.0500  0.0500  0.0500  0.0710  0.0240  0.0240  0.0240  0.0240 
 0.0040  0.0690  0.1060  0.3000 -0.2080 -0.2080 -0.2080 -0.2080 -0.2080 -0.2080 -0.2080 -0.2080  0.6290  0.9990  0.9990  0.9990  0.9990  0.9990  1.0000  0.9990  0.9990  0.9990  0.9990  0.9950  0.0500  0.0500  0.0500  0.0500  0.0710  0.0240  0.0240  0.0240  0.0240 
 0.0040  0.0690  0.1060  0.3000 -0.2080 -0.2080 -0.2080 -0.2080 -0.2080 -0.2080 -0.2080 -0.2080  0.6290  0.9990  0.9990  0.9990  0.9990  0.9990  0.9990  1.0000  0.9990  0.9990  0.9990  0.9950  0.0500  0.0500  0.0500  0.0500  0.0710  0.0240  0.0240  0.0240  0.0240 
 0.0040  0.0690  0.1060  0.3000 -0.2080 -0.2080 -0.2080 -0.2080 -0.2080 -0.2080 -0.2080 -0.2080  0.6290  0.9990  0.9990  0.9990  0.9990  0.9990  0.9990  0.9990  1.0000  0.9990  0.9990  0.9950  0.0500  0.0500  0.0500  0.0500  0.0710  0.0240  0.0240  0.0240  0.0240 
 0.0040  0.0690  0.1060  0.3000 -0.2080 -0.2080 -0.2080 -0.2080 -0.2080 -0.2080 -0.2080 -0.2080  0.6290  0.9990  0.9990  0.9990  0.9990  0.9990  0.9990  0.9990  0.9990  1.0000  0.9990  0.9950  0.0500  0.0500  0.0500  0.0500  0.0710  0.0240  0.0240  0.0240  0.0240 
 0.0040  0.0690  0.1060  0.3000 -0.2080 -0.2080 -0.2080 -0.2080 -0.2080 -0.2080 -0.2080 -0.2080  0.6290  0.9990  0.9990  0.9990  0.9990  0.9990  0.9990  0.9990  0.9990  0.9990  1.0000  0.9950  0.0500  0.0500  0.0500  0.0500  0.0710  0.0240  0.0240  0.0240  0.0240 
 0.0040  0.0700  0.1090  0.3070 -0.1980 -0.1980 -0.1980 -0.1980 -0.1980 -0.1980 -0.1980 -0.1980  0.6340  0.9950  0.9950  0.9950  0.9950  0.9950  0.9950  0.9950  0.9950  0.9950  0.9950  1.0000  0.1320  0.1320  0.1320  0.1320  0.1250 -0.0100 -0.0100 -0.0100 -0.0100 
 0.0030  0.0420  0.0510  0.1110  0.1040  0.1040  0.1040  0.1040  0.1040  0.1040  0.1040  0.1040  0.1230  0.0500  0.0500  0.0500  0.0500  0.0500  0.0500  0.0500  0.0500  0.0500  0.0500  0.1320  1.0000  0.9990  0.9990  0.9990  0.6540 -0.4230 -0.4230 -0.4230 -0.4230 
 0.0030  0.0420  0.0510  0.1110  0.1040  0.1040  0.1040  0.1040  0.1040  0.1040  0.1040  0.1040  0.1230  0.0500  0.0500  0.0500  0.0500  0.0500  0.0500  0.0500  0.0500  0.0500  0.0500  0.1320  0.9990  1.0000  0.9990  0.9990  0.6540 -0.4230 -0.4230 -0.4230 -0.4230 
 0.0030  0.0420  0.0510  0.1110  0.1040  0.1040  0.1040  0.1040  0.1040  0.1040  0.1040  0.1040  0.1230  0.0500  0.0500  0.0500  0.0500  0.0500  0.0500  0.0500  0.0500  0.0500  0.0500  0.1320  0.9990  0.9990  1.0000  0.9990  0.6540 -0.4230 -0.4230 -0.4230 -0.4230 
 0.0030  0.0420  0.0510  0.1110  0.1040  0.1040  0.1040  0.1040  0.1040  0.1040  0.1040  0.1040  0.1230  0.0500  0.0500  0.0500  0.0500  0.0500  0.0500  0.0500  0.0500  0.0500  0.0500  0.1320  0.9990  0.9990  0.9990  1.0000  0.6540 -0.4230 -0.4230 -0.4230 -0.4230 
 0.0010  0.0440  0.0540  0.1250  0.1290  0.1290  0.1290  0.1290  0.1290  0.1290  0.1290  0.1290  0.1590  0.0710  0.0710  0.0710  0.0710  0.0710  0.0710  0.0710  0.0710  0.0710  0.0710  0.1250  0.6540  0.6540  0.6540  0.6540  1.0000  0.4030  0.4030  0.4030  0.4030 
 0.0000  0.0010  0.0040  0.0140  0.0270  0.0270  0.0270  0.0270  0.0270  0.0270  0.0270  0.0270  0.0410  0.0240  0.0240  0.0240  0.0240  0.0240  0.0240  0.0240  0.0240  0.0240  0.0240 -0.0100 -0.4230 -0.4230 -0.4230 -0.4230  0.4030  1.0000  0.9990  0.9990  0.9990 
 0.0000  0.0010  0.0040  0.0140  0.0270  0.0270  0.0270  0.0270  0.0270  0.0270  0.0270  0.0270  0.0410  0.0240  0.0240  0.0240  0.0240  0.0240  0.0240  0.0240  0.0240  0.0240  0.0240 -0.0100 -0.4230 -0.4230 -0.4230 -0.4230  0.4030  0.9990  1.0000  0.9990  0.9990 
 0.0000  0.0010  0.0040  0.0140  0.0270  0.0270  0.0270  0.0270  0.0270  0.0270  0.0270  0.0270  0.0410  0.0240  0.0240  0.0240  0.0240  0.0240  0.0240  0.0240  0.0240  0.0240  0.0240 -0.0100 -0.4230 -0.4230 -0.4230 -0.4230  0.4030  0.9990  0.9990  1.0000  0.9990 
 0.0000  0.0010  0.0040  0.0140  0.0270  0.0270  0.0270  0.0270  0.0270  0.0270  0.0270  0.0270  0.0410  0.0240  0.0240  0.0240  0.0240  0.0240  0.0240  0.0240  0.0240  0.0240  0.0240 -0.0100 -0.4230 -0.4230 -0.4230 -0.4230  0.4030  0.9990  0.9990  0.9990  1.0000 
