-0.1810 -0.0610 -0.0400 -0.0010  0.0000  0.0000  0.0000  0.0000 -0.0010  0.0000  0.0000  0.0000  0.0000  0.0000  0.0000  0.0000  0.0000  0.0000  0.0000  0.0000  0.0000  0.0000  0.0000  0.0000  0.0000  0.0000  0.0000  0.0000  0.0000  0.0000  0.0000  0.0000  0.0000 
-0.0420 -0.1240 -0.0770  0.0000  0.0000  0.0000  0.0000  0.0000  0.0000  0.0000  0.0000  0.0000  0.0000  0.0000  0.0000  0.0000  0.0000  0.0000  0.0000  0.0000  0.0000  0.0000  0.0000  0.0000  0.0000  0.0000  0.0000  0.0000  0.0000  0.0000  0.0000  0.0000  0.0000 
-0.0070 -0.0250 -0.0410 -0.0320 -0.0340 -0.0310 -0.0320 -0.0320 -0.0310 -0.0300 -0.0320 -0.0270 -0.0270 -0.0230 -0.0220  0.0000  0.0000  0.0000  0.0000  0.0000  0.0000  0.0000  0.0000  0.0000  0.0000  0.0000  0.0000  0.0000  0.0000  0.0000  0.0000  0.0000  0.0000 
 0.0000  0.0000 -0.0530 -0.0690 -0.0700 -0.0690 -0.0710 -0.0690 -0.0690 -0.0650 -0.0670 -0.0640 -0.0620 -0.0550 -0.0480 -0.0010 -0.0060  0.0000  0.0000  0.0000  0.0000  0.0000  0.0000  0.0000  0.0000  0.0000  0.0000  0.0000  0.0000  0.0000  0.0000  0.0000  0.0000 
 0.0000  0.0000 -0.0590 -0.0780 -0.0760 -0.0800 -0.0770 -0.0760 -0.0750 -0.0750 -0.0730 -0.0710 -0.0700 -0.0620 -0.0540 -0.0020 -0.0070  0.0000  0.0000  0.0000  0.0000  0.0000  0.0000  0.0000  0.0000  0.0000  0.0000  0.0000  0.0000  0.0000  0.0000  0.0000  0.0000 
 0.0000  0.0000 -0.0580 -0.0790 -0.0780 -0.0780 -0.0780 -0.0770 -0.0750 -0.0750 -0.0730 -0.0700 -0.0710 -0.0620 -0.0520 -0.0020 -0.0070  0.0000  0.0000  0.0000  0.0000  0.0000  0.0000  0.0000  0.0000  0.0000  0.0000  0.0000  0.0000  0.0000  0.0000  0.0000  0.0000 
 0.0000  0.0000 -0.0600 -0.0790 -0.0790 -0.0770 -0.0780 -0.0790 -0.0770 -0.0750 -0.0750 -0.0700 -0.0690 -0.0640 -0.0540 -0.0020 -0.0060  0.0000  0.0000  0.0000  0.0000  0.0000  0.0000  0.0000  0.0000  0.0000  0.0000  0.0000  0.0000  0.0000  0.0000  0.0000  0.0000 
 0.0000  0.0000 -0.0450 -0.0620 -0.0620 -0.0610 -0.0610 -0.0610 -0.0600 -0.0600 -0.0590 -0.0570 -0.0560 -0.0490 -0.0400 -0.0020 -0.0060  0.0000  0.0000  0.0000  0.0000  0.0000  0.0000  0.0000  0.0000  0.0000  0.0000  0.0000  0.0000  0.0000  0.0000  0.0000  0.0000 
 0.0000  0.0000 -0.0460 -0.0590 -0.0590 -0.0590 -0.0600 -0.0600 -0.0590 -0.0580 -0.0580 -0.0540 -0.0540 -0.0480 -0.0410  0.0000 -0.0040  0.0000  0.0000  0.0000  0.0000  0.0000  0.0000  0.0000  0.0000  0.0000  0.0000  0.0000  0.0000  0.0000  0.0000  0.0000  0.0000 
 0.0000  0.0000 -0.0450 -0.0590 -0.0600 -0.0580 -0.0590 -0.0580 -0.0590 -0.0590 -0.0590 -0.0540 -0.0540 -0.0470 -0.0410  0.0000 -0.0050  0.0000  0.0000  0.0000  0.0000  0.0000  0.0000  0.0000  0.0000  0.0000  0.0000  0.0000  0.0000  0.0000  0.0000  0.0000  0.0000 
 0.0000  0.0000 -0.0360 -0.0500 -0.0520 -0.0520 -0.0500 -0.0490 -0.0500 -0.0510 -0.0500 -0.0520 -0.0490 -0.0400 -0.0350 -0.0020 -0.0030  0.0000  0.0000  0.0000  0.0000  0.0000  0.0000  0.0000  0.0000  0.0000  0.0000  0.0000  0.0000  0.0000  0.0000  0.0000  0.0000 
 0.0000  0.0000 -0.0350 -0.0460 -0.0460 -0.0450 -0.0470 -0.0460 -0.0470 -0.0440 -0.0490 -0.0470 -0.0430 -0.0380 -0.0330 -0.0010 -0.0010  0.0000  0.0000  0.0000  0.0000  0.0000  0.0000  0.0000  0.0000  0.0000  0.0000  0.0000  0.0000  0.0000  0.0000  0.0000  0.0000 
 0.0000  0.0000 -0.0280 -0.0360 -0.0370 -0.0360 -0.0380 -0.0370 -0.0380 -0.0340 -0.0380 -0.0350 -0.0370 -0.0330 -0.0260  0.0000 -0.0010  0.0000  0.0000  0.0000  0.0000  0.0000  0.0000  0.0000  0.0000  0.0000  0.0000  0.0000  0.0000  0.0000  0.0000  0.0000  0.0000 
 0.0000  0.0000 -0.0240 -0.0320 -0.0320 -0.0330 -0.0330 -0.0320 -0.0320 -0.0320 -0.0310 -0.0310 -0.0320 -0.0390 -0.0370  0.0000 -0.0010  0.0000  0.0000  0.0000  0.0000  0.0000  0.0000  0.0000  0.0000  0.0000  0.0000  0.0000  0.0000  0.0000  0.0000  0.0000  0.0000 
 0.0000  0.0000 -0.0210 -0.0300 -0.0300 -0.0290 -0.0280 -0.0280 -0.0280 -0.0280 -0.0280 -0.0280 -0.0280 -0.0390 -0.0390  0.0000 -0.0010  0.0000  0.0000  0.0000  0.0000  0.0000  0.0000  0.0000  0.0000  0.0000  0.0000  0.0000  0.0000  0.0000  0.0000  0.0000  0.0000 
 0.0000  0.0000 -0.0150 -0.0220 -0.0220 -0.0230 -0.0230 -0.0220 -0.0220 -0.0230 -0.0230 -0.0230 -0.0190 -0.0190 -0.0180 -0.3210 -0.3190 -0.0010 -0.0020 -0.0020 -0.0010  0.0000  0.0000  0.0000  0.0000  0.0000  0.0000  0.0000  0.0000  0.0000  0.0000  0.0000  0.0000 
 0.0000  0.0000 -0.0140 -0.0190 -0.0200 -0.0180 -0.0190 -0.0180 -0.0170 -0.0180 -0.0180 -0.0180 -0.0170 -0.0160 -0.0140 -0.1690 -0.1680 -0.0010 -0.0010 -0.0010 -0.0010  0.0000  0.0000  0.0000  0.0000  0.0000  0.0000  0.0000  0.0000  0.0000  0.0000  0.0000  0.0000 
 0.0000  0.0000 -0.0120 -0.0180 -0.0160 -0.0180 -0.0170 -0.0180 -0.0180 -0.0160 -0.0170 -0.0170 -0.0150 -0.0130 -0.0110 -0.0060 -0.0090 -0.5210 -0.5220 -0.5220 -0.5210  0.0000  0.0000  0.0000  0.0000  0.0000  0.0000  0.0000  0.0000  0.0000  0.0000  0.0000  0.0000 
 0.0000  0.0000 -0.0100 -0.0130 -0.0130 -0.0130 -0.0140 -0.0130 -0.0140 -0.0130 -0.0120 -0.0120 -0.0120 -0.0110 -0.0090 -0.0060 -0.0100 -0.6050 -0.6060 -0.6060 -0.6040  0.0000  0.0000  0.0000  0.0000  0.0000  0.0000  0.0000  0.0000  0.0000  0.0000  0.0000  0.0000 
 0.0000  0.0000 -0.0120 -0.0140 -0.0150 -0.0140 -0.0140 -0.0150 -0.0130 -0.0110 -0.0150 -0.0110 -0.0130 -0.0100 -0.0100 -0.0050 -0.0100 -0.6190 -0.6170 -0.6170 -0.6180  0.0000  0.0000  0.0000  0.0000  0.0000  0.0000  0.0000  0.0000  0.0000  0.0000  0.0000  0.0000 
 0.0000  0.0000 -0.0100 -0.0130 -0.0160 -0.0140 -0.0160 -0.0140 -0.0140 -0.0150 -0.0140 -0.0130 -0.0120 -0.0140 -0.0110 -0.0040 -0.0080 -0.6420 -0.6420 -0.6420 -0.6410  0.0000  0.0030  0.0050  0.0040  0.0040  0.0070  0.0060  0.0000  0.0000  0.0000  0.0000  0.0000 
 0.0000  0.0000  0.0000  0.0000  0.0000  0.0000  0.0000  0.0000  0.0000  0.0000  0.0000  0.0000  0.0000  0.0000  0.0000  0.0000  0.0000  0.0000  0.0000  0.0000  0.0000  0.1030  0.2470  0.3040  0.3130  0.2560  0.4290  0.3780  0.1620  0.0920  0.0940 -0.0350  0.0000 
 0.0000  0.0000  0.0000  0.0000  0.0000  0.0000  0.0000  0.0000  0.0000  0.0000  0.0000  0.0000  0.0000  0.0000  0.0000  0.0000  0.0000  0.0000  0.0000  0.0000  0.0000  0.1260  0.2140  0.2400  0.2400  0.1520  0.3560  0.3330  0.1390  0.0740  0.0740 -0.0430  0.0000 
 0.0000  0.0000  0.0000  0.0000  0.0000  0.0000  0.0000  0.0000  0.0000  0.0000  0.0000  0.0000  0.0000  0.0000  0.0000  0.0000  0.0000  0.0000  0.0000  0.0000  0.0000  0.1730  0.2000  0.2140  0.1870  0.0520  0.2570  0.2500  0.1170  0.0580  0.0560 -0.0710  0.0000 
 0.0000  0.0000  0.0000  0.0000  0.0000  0.0000  0.0000  0.0000  0.0000  0.0000  0.0000  0.0000  0.0000  0.0000  0.0000  0.0000  0.0000  0.0000  0.0000  0.0000  0.0010  0.1650  0.1740  0.1430  0.1160 -0.0300  0.1590  0.1660  0.0840  0.0340  0.0260 -0.0980 -0.0050 
 0.0000  0.0000  0.0000  0.0000  0.0000  0.0000  0.0000  0.0000  0.0000  0.0000  0.0000  0.0000  0.0000  0.0000  0.0000  0.0000  0.0000  0.0000  0.0000  0.0000  0.0000  0.1640  0.1640  0.1220  0.0740 -0.0930  0.0760  0.0810  0.0570  0.0180  0.0080 -0.1350 -0.0110 
 0.0000  0.0000  0.0000  0.0000  0.0000  0.0000  0.0000  0.0000  0.0000  0.0000  0.0000  0.0000  0.0000  0.0000  0.0000  0.0000  0.0000  0.0000  0.0000  0.0000  0.0000  0.1730  0.1770  0.1220  0.0590 -0.1230  0.0050  0.0100  0.0370  0.0140  0.0000 -0.1800 -0.0200 
 0.0000  0.0000  0.0000  0.0000  0.0000  0.0000  0.0000  0.0000  0.0000  0.0000  0.0000  0.0000  0.0000  0.0000  0.0000  0.0000  0.0000  0.0000  0.0000  0.0000  0.0000  0.1360  0.1430  0.0890  0.0300 -0.1590 -0.0780 -0.1010  0.0130  0.0000 -0.0120 -0.2250 -0.0270 
 0.0000  0.0000  0.0000  0.0000  0.0000  0.0000  0.0000  0.0000  0.0000  0.0000  0.0000  0.0000  0.0000  0.0000  0.0000  0.0000  0.0000  0.0000  0.0000  0.0000  0.0000  0.1200  0.1310  0.0760  0.0100 -0.1770 -0.1160 -0.1520  0.0150  0.0000 -0.0170 -0.2420 -0.0330 
 0.0000  0.0000  0.0000  0.0000  0.0000  0.0000  0.0000  0.0000  0.0000  0.0000  0.0000  0.0000  0.0000  0.0000  0.0000  0.0000  0.0000  0.0000  0.0000  0.0000  0.0000  0.0960  0.1100  0.0620  0.0000 -0.1810 -0.1450 -0.1810 -0.0540 -0.0130 -0.0200 -0.2570 -0.0380 
 0.0000  0.0000  0.0000  0.0000  0.0000  0.0000  0.0000  0.0000  0.0000  0.0000  0.0000  0.0000  0.0000  0.0000  0.0000  0.0000  0.0000  0.0000  0.0000  0.0000  0.0000  0.0740  0.0890  0.0500  0.0000 -0.1670 -0.1580 -0.2020 -0.0490 -0.0350 -0.0340 -0.2710 -0.0400 
 0.0000  0.0000  0.0000  0.0000  0.0000  0.0000  0.0000  0.0000  0.0000  0.0000  0.0000  0.0000  0.0000  0.0000  0.0000  0.0000  0.0000  0.0000  0.0000  0.0000  0.0000  0.0550  0.0770  0.0430 -0.0010 -0.1510 -0.1560 -0.2030 -0.0490 -0.0300 -0.0460 -0.2770 -0.0510 
 0.0000  0.0000  0.0000  0.0000  0.0000  0.0000  0.0000  0.0000  0.0000  0.0000  0.0000  0.0000  0.0000  0.0000  0.0000  0.0000  0.0000  0.0000  0.0000  0.0000  0.0000  0.0560  0.0710  0.0400  0.0000 -0.1440 -0.1510 -0.2000 -0.0460 -0.0290 -0.0420 -0.2780 -0.0510 
