 1.0000  0.3720  0.0000  0.0000  0.0000  0.0000  0.0000  0.0000  0.0000  0.0000  0.0000  0.0000  0.0000  0.0000  0.0000  0.0000  0.0000  0.0000  0.0000  0.0000  0.0000  0.0000  0.0000  0.0000  0.0000  0.0000  0.0000  0.0000  0.0000  0.0000  0.0000  0.0000  0.0000 
 0.3720  1.0000  0.0350  0.0060  0.0000  0.0000  0.0000  0.0000  0.0000  0.0000  0.0000  0.0000  0.0000  0.0000  0.0000  0.0000  0.0000  0.0000  0.0000  0.0000  0.0000  0.0000  0.0000  0.0000  0.0000  0.0000  0.0000  0.0000  0.0000  0.0000  0.0000  0.0000  0.0000 
 0.0000  0.0350  1.0000  0.1760  0.0000  0.0000  0.0000  0.0000  0.0000  0.0000  0.0000  0.0000  0.0000  0.0000  0.0000  0.0000  0.0000  0.0000  0.0000  0.0000  0.0000  0.0000  0.0000  0.0000  0.0000  0.0000  0.0000  0.0000  0.0000  0.0000  0.0000  0.0000  0.0000 
 0.0000  0.0060  0.1760  1.0000  0.9840  0.9840  0.9840  0.9720  0.9350  0.9350  0.9350  0.9350  0.9350  0.9350  0.9350  0.9350  0.9350  0.9350  0.9350  0.9350  0.9350  0.9350  0.9350  0.9350  0.9350  0.9350  0.9350  0.9350  0.9350  0.9350  0.9350  0.9350  0.9350 
 0.0000  0.0000  0.0000  0.9840  1.0000  1.0000  1.0000  0.9870  0.9500  0.9500  0.9500  0.9500  0.9500  0.9500  0.9500  0.9500  0.9500  0.9500  0.9500  0.9500  0.9500  0.9500  0.9500  0.9500  0.9500  0.9500  0.9500  0.9500  0.9500  0.9500  0.9500  0.9500  0.9500 
 0.0000  0.0000  0.0000  0.9840  1.0000  1.0000  1.0000  0.9870  0.9500  0.9500  0.9500  0.9500  0.9500  0.9500  0.9500  0.9500  0.9500  0.9500  0.9500  0.9500  0.9500  0.9500  0.9500  0.9500  0.9500  0.9500  0.9500  0.9500  0.9500  0.9500  0.9500  0.9500  0.9500 
 0.0000  0.0000  0.0000  0.9840  1.0000  1.0000  1.0000  0.9870  0.9500  0.9500  0.9500  0.9500  0.9500  0.9500  0.9500  0.9500  0.9500  0.9500  0.9500  0.9500  0.9500  0.9500  0.9500  0.9500  0.9500  0.9500  0.9500  0.9500  0.9500  0.9500  0.9500  0.9500  0.9500 
 0.0000  0.0000  0.0000  0.9720  0.9870  0.9870  0.9870  1.0000  0.9870  0.9870  0.9870  0.9870  0.9870  0.9870  0.9870  0.9870  0.9870  0.9870  0.9870  0.9870  0.9870  0.9870  0.9870  0.9870  0.9870  0.9870  0.9870  0.9870  0.9870  0.9870  0.9870  0.9870  0.9870 
 0.0000  0.0000  0.0000  0.9350  0.9500  0.9500  0.9500  0.9870  1.0000  1.0000  1.0000  1.0000  1.0000  1.0000  1.0000  1.0000  1.0000  1.0000  1.0000  1.0000  1.0000  1.0000  1.0000  1.0000  1.0000  1.0000  1.0000  1.0000  1.0000  1.0000  1.0000  1.0000  1.0000 
 0.0000  0.0000  0.0000  0.9350  0.9500  0.9500  0.9500  0.9870  1.0000  1.0000  1.0000  1.0000  1.0000  1.0000  1.0000  1.0000  1.0000  1.0000  1.0000  1.0000  1.0000  1.0000  1.0000  1.0000  1.0000  1.0000  1.0000  1.0000  1.0000  1.0000  1.0000  1.0000  1.0000 
 0.0000  0.0000  0.0000  0.9350  0.9500  0.9500  0.9500  0.9870  1.0000  1.0000  1.0000  1.0000  1.0000  1.0000  1.0000  1.0000  1.0000  1.0000  1.0000  1.0000  1.0000  1.0000  1.0000  1.0000  1.0000  1.0000  1.0000  1.0000  1.0000  1.0000  1.0000  1.0000  1.0000 
 0.0000  0.0000  0.0000  0.9350  0.9500  0.9500  0.9500  0.9870  1.0000  1.0000  1.0000  1.0000  1.0000  1.0000  1.0000  1.0000  1.0000  1.0000  1.0000  1.0000  1.0000  1.0000  1.0000  1.0000  1.0000  1.0000  1.0000  1.0000  1.0000  1.0000  1.0000  1.0000  1.0000 
 0.0000  0.0000  0.0000  0.9350  0.9500  0.9500  0.9500  0.9870  1.0000  1.0000  1.0000  1.0000  1.0000  1.0000  1.0000  1.0000  1.0000  1.0000  1.0000  1.0000  1.0000  1.0000  1.0000  1.0000  1.0000  1.0000  1.0000  1.0000  1.0000  1.0000  1.0000  1.0000  1.0000 
 0.0000  0.0000  0.0000  0.9350  0.9500  0.9500  0.9500  0.9870  1.0000  1.0000  1.0000  1.0000  1.0000  1.0000  1.0000  1.0000  1.0000  1.0000  1.0000  1.0000  1.0000  1.0000  1.0000  1.0000  1.0000  1.0000  1.0000  1.0000  1.0000  1.0000  1.0000  1.0000  1.0000 
 0.0000  0.0000  0.0000  0.9350  0.9500  0.9500  0.9500  0.9870  1.0000  1.0000  1.0000  1.0000  1.0000  1.0000  1.0000  1.0000  1.0000  1.0000  1.0000  1.0000  1.0000  1.0000  1.0000  1.0000  1.0000  1.0000  1.0000  1.0000  1.0000  1.0000  1.0000  1.0000  1.0000 
 0.0000  0.0000  0.0000  0.9350  0.9500  0.9500  0.9500  0.9870  1.0000  1.0000  1.0000  1.0000  1.0000  1.0000  1.0000  1.0000  1.0000  1.0000  1.0000  1.0000  1.0000  1.0000  1.0000  1.0000  1.0000  1.0000  1.0000  1.0000  1.0000  1.0000  1.0000  1.0000  1.0000 
 0.0000  0.0000  0.0000  0.9350  0.9500  0.9500  0.9500  0.9870  1.0000  1.0000  1.0000  1.0000  1.0000  1.0000  1.0000  1.0000  1.0000  1.0000  1.0000  1.0000  1.0000  1.0000  1.0000  1.0000  1.0000  1.0000  1.0000  1.0000  1.0000  1.0000  1.0000  1.0000  1.0000 
 0.0000  0.0000  0.0000  0.9350  0.9500  0.9500  0.9500  0.9870  1.0000  1.0000  1.0000  1.0000  1.0000  1.0000  1.0000  1.0000  1.0000  1.0000  1.0000  1.0000  1.0000  1.0000  1.0000  1.0000  1.0000  1.0000  1.0000  1.0000  1.0000  1.0000  1.0000  1.0000  1.0000 
 0.0000  0.0000  0.0000  0.9350  0.9500  0.9500  0.9500  0.9870  1.0000  1.0000  1.0000  1.0000  1.0000  1.0000  1.0000  1.0000  1.0000  1.0000  1.0000  1.0000  1.0000  1.0000  1.0000  1.0000  1.0000  1.0000  1.0000  1.0000  1.0000  1.0000  1.0000  1.0000  1.0000 
 0.0000  0.0000  0.0000  0.9350  0.9500  0.9500  0.9500  0.9870  1.0000  1.0000  1.0000  1.0000  1.0000  1.0000  1.0000  1.0000  1.0000  1.0000  1.0000  1.0000  1.0000  1.0000  1.0000  1.0000  1.0000  1.0000  1.0000  1.0000  1.0000  1.0000  1.0000  1.0000  1.0000 
 0.0000  0.0000  0.0000  0.9350  0.9500  0.9500  0.9500  0.9870  1.0000  1.0000  1.0000  1.0000  1.0000  1.0000  1.0000  1.0000  1.0000  1.0000  1.0000  1.0000  1.0000  1.0000  1.0000  1.0000  1.0000  1.0000  1.0000  1.0000  1.0000  1.0000  1.0000  1.0000  1.0000 
 0.0000  0.0000  0.0000  0.9350  0.9500  0.9500  0.9500  0.9870  1.0000  1.0000  1.0000  1.0000  1.0000  1.0000  1.0000  1.0000  1.0000  1.0000  1.0000  1.0000  1.0000  1.0000  1.0000  1.0000  1.0000  1.0000  1.0000  1.0000  1.0000  1.0000  1.0000  1.0000  1.0000 
 0.0000  0.0000  0.0000  0.9350  0.9500  0.9500  0.9500  0.9870  1.0000  1.0000  1.0000  1.0000  1.0000  1.0000  1.0000  1.0000  1.0000  1.0000  1.0000  1.0000  1.0000  1.0000  1.0000  1.0000  1.0000  1.0000  1.0000  1.0000  1.0000  1.0000  1.0000  1.0000  1.0000 
 0.0000  0.0000  0.0000  0.9350  0.9500  0.9500  0.9500  0.9870  1.0000  1.0000  1.0000  1.0000  1.0000  1.0000  1.0000  1.0000  1.0000  1.0000  1.0000  1.0000  1.0000  1.0000  1.0000  1.0000  1.0000  1.0000  1.0000  1.0000  1.0000  1.0000  1.0000  1.0000  1.0000 
 0.0000  0.0000  0.0000  0.9350  0.9500  0.9500  0.9500  0.9870  1.0000  1.0000  1.0000  1.0000  1.0000  1.0000  1.0000  1.0000  1.0000  1.0000  1.0000  1.0000  1.0000  1.0000  1.0000  1.0000  1.0000  1.0000  1.0000  1.0000  1.0000  1.0000  1.0000  1.0000  1.0000 
 0.0000  0.0000  0.0000  0.9350  0.9500  0.9500  0.9500  0.9870  1.0000  1.0000  1.0000  1.0000  1.0000  1.0000  1.0000  1.0000  1.0000  1.0000  1.0000  1.0000  1.0000  1.0000  1.0000  1.0000  1.0000  1.0000  1.0000  1.0000  1.0000  1.0000  1.0000  1.0000  1.0000 
 0.0000  0.0000  0.0000  0.9350  0.9500  0.9500  0.9500  0.9870  1.0000  1.0000  1.0000  1.0000  1.0000  1.0000  1.0000  1.0000  1.0000  1.0000  1.0000  1.0000  1.0000  1.0000  1.0000  1.0000  1.0000  1.0000  1.0000  1.0000  1.0000  1.0000  1.0000  1.0000  1.0000 
 0.0000  0.0000  0.0000  0.9350  0.9500  0.9500  0.9500  0.9870  1.0000  1.0000  1.0000  1.0000  1.0000  1.0000  1.0000  1.0000  1.0000  1.0000  1.0000  1.0000  1.0000  1.0000  1.0000  1.0000  1.0000  1.0000  1.0000  1.0000  1.0000  1.0000  1.0000  1.0000  1.0000 
 0.0000  0.0000  0.0000  0.9350  0.9500  0.9500  0.9500  0.9870  1.0000  1.0000  1.0000  1.0000  1.0000  1.0000  1.0000  1.0000  1.0000  1.0000  1.0000  1.0000  1.0000  1.0000  1.0000  1.0000  1.0000  1.0000  1.0000  1.0000  1.0000  1.0000  1.0000  1.0000  1.0000 
 0.0000  0.0000  0.0000  0.9350  0.9500  0.9500  0.9500  0.9870  1.0000  1.0000  1.0000  1.0000  1.0000  1.0000  1.0000  1.0000  1.0000  1.0000  1.0000  1.0000  1.0000  1.0000  1.0000  1.0000  1.0000  1.0000  1.0000  1.0000  1.0000  1.0000  1.0000  1.0000  1.0000 
 0.0000  0.0000  0.0000  0.9350  0.9500  0.9500  0.9500  0.9870  1.0000  1.0000  1.0000  1.0000  1.0000  1.0000  1.0000  1.0000  1.0000  1.0000  1.0000  1.0000  1.0000  1.0000  1.0000  1.0000  1.0000  1.0000  1.0000  1.0000  1.0000  1.0000  1.0000  1.0000  1.0000 
 0.0000  0.0000  0.0000  0.9350  0.9500  0.9500  0.9500  0.9870  1.0000  1.0000  1.0000  1.0000  1.0000  1.0000  1.0000  1.0000  1.0000  1.0000  1.0000  1.0000  1.0000  1.0000  1.0000  1.0000  1.0000  1.0000  1.0000  1.0000  1.0000  1.0000  1.0000  1.0000  1.0000 
 0.0000  0.0000  0.0000  0.9350  0.9500  0.9500  0.9500  0.9870  1.0000  1.0000  1.0000  1.0000  1.0000  1.0000  1.0000  1.0000  1.0000  1.0000  1.0000  1.0000  1.0000  1.0000  1.0000  1.0000  1.0000  1.0000  1.0000  1.0000  1.0000  1.0000  1.0000  1.0000  1.0000 
