 1.0000  0.0430  0.0310  0.0200  0.0090  0.0070  0.0030  0.0030  0.0020  0.0030  0.0030  0.0030  0.0020  0.0030  0.0030  0.0020  0.0030  0.0030  0.0010  0.0020  0.0010  0.0000  0.0000  0.0000  0.0000  0.0000  0.0000  0.0000  0.0000  0.0000  0.0000  0.0000  0.0000 
 0.0430  1.0000  0.2200  0.1240  0.0670  0.0480  0.0290  0.0290  0.0230  0.0270  0.0300  0.0270  0.0250  0.0340  0.0300  0.0270  0.0270  0.0270  0.0080  0.0170  0.0060  0.0000  0.0000  0.0000  0.0000  0.0000  0.0000  0.0000  0.0000  0.0000  0.0000  0.0000  0.0000 
 0.0310  0.2200  1.0000  0.1700  0.0620  0.0490  0.0290  0.0290  0.0210  0.0230  0.0250  0.0240  0.0230  0.0310  0.0270  0.0230  0.0240  0.0240  0.0080  0.0150  0.0050  0.0000  0.0000  0.0000  0.0000  0.0000  0.0000  0.0000  0.0000  0.0000  0.0000  0.0000  0.0000 
 0.0200  0.1240  0.1700  1.0000  0.2720  0.0700  0.0570  0.0560  0.0400  0.0440  0.0450  0.0400  0.0400  0.0530  0.0460  0.0400  0.0420  0.0420  0.0130  0.0260  0.0090  0.0010  0.0000  0.0000  0.0000  0.0000  0.0000  0.0000  0.0000  0.0000  0.0000  0.0000  0.0000 
 0.0090  0.0670  0.0620  0.2720  1.0000  0.1590  0.0910  0.0750  0.0520  0.0470  0.0500  0.0400  0.0430  0.0560  0.0490  0.0460  0.0450  0.0440  0.0110  0.0250  0.0100  0.0010  0.0000  0.0000  0.0000  0.0000  0.0000  0.0000  0.0000  0.0000  0.0000  0.0000  0.0000 
 0.0070  0.0480  0.0490  0.0700  0.1590  1.0000  0.2620  0.1620  0.0930  0.0620  0.0710  0.0630  0.0520  0.0680  0.0590  0.0530  0.0590  0.0560  0.0170  0.0340  0.0120  0.0010  0.0000  0.0000  0.0000  0.0000  0.0000  0.0000  0.0000  0.0000  0.0000  0.0000  0.0000 
 0.0030  0.0290  0.0290  0.0570  0.0910  0.2620  1.0000  0.2400  0.1400  0.1020  0.1240  0.0970  0.0840  0.1110  0.0960  0.0850  0.0990  0.0930  0.0280  0.0550  0.0190  0.0010  0.0010  0.0000  0.0000  0.0000  0.0000  0.0000  0.0000  0.0000  0.0000  0.0000  0.0000 
 0.0030  0.0290  0.0290  0.0560  0.0750  0.1620  0.2400  1.0000  0.1550  0.1200  0.1320  0.1190  0.0950  0.1260  0.1090  0.0950  0.1180  0.1080  0.0350  0.0650  0.0210  0.0010  0.0010  0.0000  0.0000  0.0000  0.0000  0.0000  0.0000  0.0000  0.0000  0.0000  0.0000 
 0.0020  0.0230  0.0210  0.0400  0.0520  0.0930  0.1400  0.1550  1.0000  0.2060  0.1030  0.0950  0.0860  0.1140  0.0970  0.0820  0.1030  0.0960  0.0310  0.0560  0.0180  0.0010  0.0010  0.0000  0.0000  0.0000  0.0000  0.0000  0.0000  0.0000  0.0000  0.0000  0.0000 
 0.0030  0.0270  0.0230  0.0440  0.0470  0.0620  0.1020  0.1200  0.2060  1.0000  0.4250  0.1160  0.1160  0.1580  0.1390  0.1230  0.1380  0.1320  0.0430  0.0820  0.0280  0.0020  0.0010  0.0000  0.0000  0.0000  0.0000  0.0000  0.0000  0.0000  0.0000  0.0000  0.0000 
 0.0030  0.0300  0.0250  0.0450  0.0500  0.0710  0.1240  0.1320  0.1030  0.4250  1.0000  0.2540  0.1180  0.1600  0.1400  0.1210  0.1380  0.1330  0.0440  0.0840  0.0280  0.0020  0.0010  0.0000  0.0000  0.0000  0.0000  0.0000  0.0000  0.0000  0.0000  0.0000  0.0000 
 0.0030  0.0270  0.0240  0.0400  0.0400  0.0630  0.0970  0.1190  0.0950  0.1160  0.2540  1.0000  0.1570  0.1450  0.1270  0.1120  0.1270  0.1210  0.0400  0.0760  0.0250  0.0020  0.0010  0.0000  0.0000  0.0000  0.0000  0.0000  0.0000  0.0000  0.0000  0.0000  0.0000 
 0.0020  0.0250  0.0230  0.0400  0.0430  0.0520  0.0840  0.0950  0.0860  0.1160  0.1180  0.1570  1.0000  0.7630  0.1400  0.1210  0.1360  0.1330  0.0400  0.0790  0.0280  0.0020  0.0010  0.0000  0.0000  0.0000  0.0000  0.0000  0.0000  0.0000  0.0000  0.0000  0.0000 
 0.0030  0.0340  0.0310  0.0530  0.0560  0.0680  0.1110  0.1260  0.1140  0.1580  0.1600  0.1450  0.7630  1.0000  0.7240  0.1640  0.1860  0.1810  0.0540  0.1060  0.0370  0.0020  0.0010  0.0000  0.0000  0.0000  0.0000  0.0000  0.0000  0.0000  0.0000  0.0000  0.0000 
 0.0030  0.0300  0.0270  0.0460  0.0490  0.0590  0.0960  0.1090  0.0970  0.1390  0.1400  0.1270  0.1400  0.7240  1.0000  0.2510  0.1630  0.1580  0.0460  0.0910  0.0320  0.0020  0.0010  0.0000  0.0000  0.0000  0.0000  0.0000  0.0000  0.0000  0.0000  0.0000  0.0000 
 0.0020  0.0270  0.0230  0.0400  0.0460  0.0530  0.0850  0.0950  0.0820  0.1230  0.1210  0.1120  0.1210  0.1640  0.2510  1.0000  0.2700  0.1380  0.0390  0.0750  0.0260  0.0020  0.0010  0.0000  0.0000  0.0000  0.0000  0.0000  0.0000  0.0000  0.0000  0.0000  0.0000 
 0.0030  0.0270  0.0240  0.0420  0.0450  0.0590  0.0990  0.1180  0.1030  0.1380  0.1380  0.1270  0.1360  0.1860  0.1630  0.2700  1.0000  0.4150  0.0580  0.1000  0.0330  0.0020  0.0020  0.0000  0.0000  0.0000  0.0000  0.0000  0.0000  0.0000  0.0000  0.0000  0.0000 
 0.0030  0.0270  0.0240  0.0420  0.0440  0.0560  0.0930  0.1080  0.0960  0.1320  0.1330  0.1210  0.1330  0.1810  0.1580  0.1380  0.4150  1.0000  0.0660  0.0930  0.0330  0.0030  0.0020  0.0000  0.0000  0.0000  0.0000  0.0000  0.0000  0.0000  0.0000  0.0000  0.0000 
 0.0010  0.0080  0.0080  0.0130  0.0110  0.0170  0.0280  0.0350  0.0310  0.0430  0.0440  0.0400  0.0400  0.0540  0.0460  0.0390  0.0580  0.0660  1.0000  0.8290  0.0250  0.0180  0.0120  0.0000  0.0000  0.0000  0.0000  0.0000  0.0000  0.0000  0.0000  0.0000  0.0000 
 0.0020  0.0170  0.0150  0.0260  0.0250  0.0340  0.0550  0.0650  0.0560  0.0820  0.0840  0.0760  0.0790  0.1060  0.0910  0.0750  0.1000  0.0930  0.8290  1.0000  0.0730  0.0180  0.0120  0.0000  0.0000  0.0000  0.0000  0.0000  0.0000  0.0000  0.0000  0.0000  0.0000 
 0.0010  0.0060  0.0050  0.0090  0.0100  0.0120  0.0190  0.0210  0.0180  0.0280  0.0280  0.0250  0.0280  0.0370  0.0320  0.0260  0.0330  0.0330  0.0250  0.0730  1.0000  0.3880  0.0140  0.0000  0.0000  0.0000  0.0000  0.0000  0.0000  0.0000  0.0000  0.0000  0.0000 
 0.0000  0.0000  0.0000  0.0010  0.0010  0.0010  0.0010  0.0010  0.0010  0.0020  0.0020  0.0020  0.0020  0.0020  0.0020  0.0020  0.0020  0.0030  0.0180  0.0180  0.3880  1.0000  0.9170  0.0000  0.0000  0.0000  0.0000  0.0000  0.0000  0.0000  0.0000  0.0000  0.0000 
 0.0000  0.0000  0.0000  0.0000  0.0000  0.0000  0.0010  0.0010  0.0010  0.0010  0.0010  0.0010  0.0010  0.0010  0.0010  0.0010  0.0020  0.0020  0.0120  0.0120  0.0140  0.9170  1.0000  0.0420  0.0420  0.0420  0.0420  0.0420  0.0420  0.0420  0.0420  0.0420  0.0420 
 0.0000  0.0000  0.0000  0.0000  0.0000  0.0000  0.0000  0.0000  0.0000  0.0000  0.0000  0.0000  0.0000  0.0000  0.0000  0.0000  0.0000  0.0000  0.0000  0.0000  0.0000  0.0000  0.0420  1.0000  0.9990  0.9990  0.9990  0.9990  0.9990  0.9990  0.9990  0.9990  0.9990 
 0.0000  0.0000  0.0000  0.0000  0.0000  0.0000  0.0000  0.0000  0.0000  0.0000  0.0000  0.0000  0.0000  0.0000  0.0000  0.0000  0.0000  0.0000  0.0000  0.0000  0.0000  0.0000  0.0420  0.9990  1.0000  0.9990  0.9990  0.9990  0.9990  0.9990  0.9990  0.9990  0.9990 
 0.0000  0.0000  0.0000  0.0000  0.0000  0.0000  0.0000  0.0000  0.0000  0.0000  0.0000  0.0000  0.0000  0.0000  0.0000  0.0000  0.0000  0.0000  0.0000  0.0000  0.0000  0.0000  0.0420  0.9990  0.9990  1.0000  0.9990  0.9990  0.9990  0.9990  0.9990  0.9990  0.9990 
 0.0000  0.0000  0.0000  0.0000  0.0000  0.0000  0.0000  0.0000  0.0000  0.0000  0.0000  0.0000  0.0000  0.0000  0.0000  0.0000  0.0000  0.0000  0.0000  0.0000  0.0000  0.0000  0.0420  0.9990  0.9990  0.9990  1.0000  0.9990  0.9990  0.9990  0.9990  0.9990  0.9990 
 0.0000  0.0000  0.0000  0.0000  0.0000  0.0000  0.0000  0.0000  0.0000  0.0000  0.0000  0.0000  0.0000  0.0000  0.0000  0.0000  0.0000  0.0000  0.0000  0.0000  0.0000  0.0000  0.0420  0.9990  0.9990  0.9990  0.9990  1.0000  0.9990  0.9990  0.9990  0.9990  0.9990 
 0.0000  0.0000  0.0000  0.0000  0.0000  0.0000  0.0000  0.0000  0.0000  0.0000  0.0000  0.0000  0.0000  0.0000  0.0000  0.0000  0.0000  0.0000  0.0000  0.0000  0.0000  0.0000  0.0420  0.9990  0.9990  0.9990  0.9990  0.9990  1.0000  0.9990  0.9990  0.9990  0.9990 
 0.0000  0.0000  0.0000  0.0000  0.0000  0.0000  0.0000  0.0000  0.0000  0.0000  0.0000  0.0000  0.0000  0.0000  0.0000  0.0000  0.0000  0.0000  0.0000  0.0000  0.0000  0.0000  0.0420  0.9990  0.9990  0.9990  0.9990  0.9990  0.9990  1.0000  0.9990  0.9990  0.9990 
 0.0000  0.0000  0.0000  0.0000  0.0000  0.0000  0.0000  0.0000  0.0000  0.0000  0.0000  0.0000  0.0000  0.0000  0.0000  0.0000  0.0000  0.0000  0.0000  0.0000  0.0000  0.0000  0.0420  0.9990  0.9990  0.9990  0.9990  0.9990  0.9990  0.9990  1.0000  0.9990  0.9990 
 0.0000  0.0000  0.0000  0.0000  0.0000  0.0000  0.0000  0.0000  0.0000  0.0000  0.0000  0.0000  0.0000  0.0000  0.0000  0.0000  0.0000  0.0000  0.0000  0.0000  0.0000  0.0000  0.0420  0.9990  0.9990  0.9990  0.9990  0.9990  0.9990  0.9990  0.9990  1.0000  0.9990 
 0.0000  0.0000  0.0000  0.0000  0.0000  0.0000  0.0000  0.0000  0.0000  0.0000  0.0000  0.0000  0.0000  0.0000  0.0000  0.0000  0.0000  0.0000  0.0000  0.0000  0.0000  0.0000  0.0420  0.9990  0.9990  0.9990  0.9990  0.9990  0.9990  0.9990  0.9990  0.9990  1.0000 
