-0.0380 -0.0310 -0.0290 -0.0280 -0.0210 -0.0200 -0.0160 -0.0140 -0.0150 -0.0120 -0.0140 -0.0140 -0.0140 -0.0090 -0.0140 -0.0140 -0.0150  0.0000  0.0000  0.0000  0.0000  0.0000  0.0000  0.0000  0.0000  0.0000  0.0000  0.0000  0.0000  0.0000  0.0000  0.0000  0.0000 
-0.0270 -0.0400 -0.0290 -0.0270 -0.0210 -0.0180 -0.0150 -0.0130 -0.0150 -0.0110 -0.0100 -0.0130 -0.0120 -0.0070 -0.0150 -0.0120 -0.0120  0.0000  0.0000  0.0000  0.0000  0.0000  0.0000  0.0000  0.0000  0.0000  0.0000  0.0000  0.0000  0.0000  0.0000  0.0000  0.0000 
-0.0140 -0.0130 -0.0160 -0.0150 -0.0110 -0.0120 -0.0100 -0.0080 -0.0070 -0.0050 -0.0040 -0.0060 -0.0050 -0.0010 -0.0040 -0.0040 -0.0050  0.0000  0.0000  0.0000  0.0000  0.0000  0.0000  0.0000  0.0000  0.0000  0.0000  0.0000  0.0000  0.0000  0.0000  0.0000  0.0000 
-0.0190 -0.0190 -0.0240 -0.0260 -0.0240 -0.0210 -0.0150 -0.0140 -0.0140 -0.0130 -0.0110 -0.0120 -0.0100 -0.0060 -0.0090 -0.0110 -0.0100  0.0000  0.0000  0.0000  0.0000  0.0000  0.0000  0.0000  0.0000  0.0000  0.0000  0.0000  0.0000  0.0000  0.0000  0.0000  0.0000 
-0.0160 -0.0170 -0.0220 -0.0260 -0.0290 -0.0250 -0.0190 -0.0170 -0.0160 -0.0130 -0.0150 -0.0150 -0.0150 -0.0080 -0.0140 -0.0140 -0.0140  0.0000  0.0000  0.0000  0.0000  0.0000  0.0000  0.0000  0.0000  0.0000  0.0000  0.0000  0.0000  0.0000  0.0000  0.0000  0.0000 
-0.0160 -0.0150 -0.0180 -0.0210 -0.0260 -0.0310 -0.0240 -0.0200 -0.0180 -0.0170 -0.0160 -0.0170 -0.0160 -0.0090 -0.0130 -0.0140 -0.0120  0.0000  0.0000  0.0000  0.0000  0.0000  0.0000  0.0000  0.0000  0.0000  0.0000  0.0000  0.0000  0.0000  0.0000  0.0000  0.0000 
-0.0110 -0.0100 -0.0130 -0.0150 -0.0170 -0.0230 -0.0260 -0.0190 -0.0170 -0.0150 -0.0140 -0.0140 -0.0150 -0.0070 -0.0130 -0.0130 -0.0120  0.0000  0.0000  0.0000  0.0000  0.0000  0.0000  0.0000  0.0000  0.0000  0.0000  0.0000  0.0000  0.0000  0.0000  0.0000  0.0000 
-0.0080 -0.0070 -0.0100 -0.0120 -0.0140 -0.0160 -0.0170 -0.0230 -0.0180 -0.0140 -0.0140 -0.0140 -0.0130 -0.0060 -0.0110 -0.0100 -0.0090  0.0000  0.0000  0.0000  0.0000  0.0000  0.0000  0.0000  0.0000  0.0000  0.0000  0.0000  0.0000  0.0000  0.0000  0.0000  0.0000 
-0.0090 -0.0090 -0.0120 -0.0130 -0.0130 -0.0150 -0.0170 -0.0180 -0.0240 -0.0160 -0.0130 -0.0140 -0.0120 -0.0070 -0.0130 -0.0120 -0.0110  0.0000  0.0000  0.0000  0.0000  0.0000  0.0000  0.0000  0.0000  0.0000  0.0000  0.0000  0.0000  0.0000  0.0000  0.0000  0.0000 
-0.0090 -0.0090 -0.0120 -0.0140 -0.0140 -0.0160 -0.0190 -0.0190 -0.0210 -0.0310 -0.0230 -0.0210 -0.0190 -0.0110 -0.0160 -0.0160 -0.0160  0.0000  0.0000  0.0000  0.0000  0.0000  0.0000  0.0000  0.0000  0.0000  0.0000  0.0000  0.0000  0.0000  0.0000  0.0000  0.0000 
-0.0120 -0.0090 -0.0130 -0.0140 -0.0170 -0.0190 -0.0170 -0.0180 -0.0190 -0.0220 -0.0330 -0.0260 -0.0210 -0.0120 -0.0200 -0.0220 -0.0180  0.0000  0.0000  0.0000  0.0000  0.0000  0.0000  0.0000  0.0000  0.0000  0.0000  0.0000  0.0000  0.0000  0.0000  0.0000  0.0000 
-0.0110 -0.0110 -0.0130 -0.0160 -0.0180 -0.0180 -0.0200 -0.0180 -0.0180 -0.0210 -0.0250 -0.0320 -0.0250 -0.0150 -0.0220 -0.0220 -0.0230  0.0000  0.0000  0.0000  0.0000  0.0000  0.0000  0.0000  0.0000  0.0000  0.0000  0.0000  0.0000  0.0000  0.0000  0.0000  0.0000 
-0.0120 -0.0110 -0.0130 -0.0160 -0.0170 -0.0180 -0.0190 -0.0180 -0.0170 -0.0200 -0.0220 -0.0270 -0.0340 -0.0180 -0.0240 -0.0230 -0.0220  0.0000  0.0000  0.0000  0.0000  0.0000  0.0000  0.0000  0.0000  0.0000  0.0000  0.0000  0.0000  0.0000  0.0000  0.0000  0.0000 
-0.0120 -0.0120 -0.0130 -0.0170 -0.0150 -0.0170 -0.0170 -0.0170 -0.0170 -0.0180 -0.0210 -0.0250 -0.0270 -0.0520 -0.0280 -0.0230 -0.0230  0.0000  0.0000  0.0000  0.0000  0.0000  0.0000  0.0000  0.0000  0.0000  0.0000  0.0000  0.0000  0.0000  0.0000  0.0000  0.0000 
-0.0150 -0.0120 -0.0140 -0.0160 -0.0200 -0.0180 -0.0170 -0.0170 -0.0200 -0.0190 -0.0230 -0.0240 -0.0250 -0.0210 -0.0370 -0.0320 -0.0280  0.0000  0.0000  0.0000  0.0000  0.0000  0.0000  0.0000  0.0000  0.0000  0.0000  0.0000  0.0000  0.0000  0.0000  0.0000  0.0000 
-0.0120 -0.0100 -0.0120 -0.0160 -0.0180 -0.0180 -0.0180 -0.0170 -0.0180 -0.0190 -0.0240 -0.0250 -0.0240 -0.0170 -0.0320 -0.0360 -0.0300  0.0000  0.0000  0.0000  0.0000  0.0000  0.0000  0.0000  0.0000  0.0000  0.0000  0.0000  0.0000  0.0000  0.0000  0.0000  0.0000 
-0.0170 -0.0140 -0.0180 -0.0200 -0.0220 -0.0230 -0.0220 -0.0210 -0.0230 -0.0230 -0.0260 -0.0320 -0.0300 -0.0220 -0.0350 -0.0390 -0.0460  0.0000  0.0000  0.0000  0.0000  0.0000  0.0000  0.0000  0.0000  0.0000  0.0000  0.0000  0.0000  0.0000  0.0000  0.0000  0.0000 
-0.0110 -0.0100 -0.0100 -0.0150 -0.0130 -0.0150 -0.0160 -0.0130 -0.0180 -0.0150 -0.0180 -0.0210 -0.0220 -0.0110 -0.0260 -0.0230 -0.0340 -0.3060 -0.0860 -0.0010  0.0000 -0.0010 -0.0040 -0.0020 -0.0050 -0.0090 -0.0090 -0.0070  0.0000 -0.0070 -0.0170 -0.0090 -0.0170 
 0.0000  0.0000  0.0000  0.0000  0.0000  0.0000  0.0000  0.0000  0.0000  0.0000  0.0000  0.0000  0.0000  0.0000  0.0000  0.0000  0.0000 -0.2350 -0.1160 -0.0130 -0.0080 -0.0090 -0.0060 -0.0080  0.0030  0.0000  0.0110  0.0040  0.0070  0.0220  0.0340  0.0240  0.0310 
 0.0000  0.0000  0.0000  0.0000  0.0000  0.0000  0.0000  0.0000  0.0000  0.0000  0.0000  0.0000  0.0000  0.0000  0.0000  0.0000  0.0000  0.0240 -0.0080 -0.0200 -0.0150 -0.0120 -0.0130 -0.0050  0.0030  0.0000  0.0010 -0.0170 -0.0120 -0.0010  0.0050  0.0090  0.0060 
 0.0000  0.0000  0.0000  0.0000  0.0000  0.0000  0.0000  0.0000  0.0000  0.0000  0.0000  0.0000  0.0000  0.0000  0.0000  0.0000  0.0000  0.0360  0.0030 -0.0300 -0.0250 -0.0230 -0.0230 -0.0170 -0.0060 -0.0140 -0.0110 -0.0280 -0.0240 -0.0130 -0.0260 -0.0300 -0.0460 
 0.0000  0.0000  0.0000  0.0000  0.0000  0.0000  0.0000  0.0000  0.0000  0.0000  0.0000  0.0000  0.0000  0.0000  0.0000  0.0000  0.0000  0.0190  0.0010 -0.0390 -0.0410 -0.0350 -0.0370 -0.0380 -0.0390 -0.0410 -0.0330 -0.0250 -0.0130 -0.0070 -0.0350 -0.0460 -0.0610 
 0.0000  0.0000  0.0000  0.0000  0.0000  0.0000  0.0000  0.0000  0.0000  0.0000  0.0000  0.0000  0.0000  0.0000  0.0000  0.0000  0.0000  0.0000  0.0000 -0.0550 -0.0560 -0.0540 -0.0860 -0.0720 -0.0830 -0.0900 -0.0790 -0.0570 -0.0120 -0.0060 -0.0350 -0.0420 -0.0520 
 0.0000  0.0000  0.0000  0.0000  0.0000  0.0000  0.0000  0.0000  0.0000  0.0000  0.0000  0.0000  0.0000  0.0000  0.0000  0.0000  0.0000 -0.0050 -0.0010 -0.0670 -0.0670 -0.0780 -0.0850 -0.1110 -0.1330 -0.1490 -0.1490 -0.1290 -0.0360 -0.0290 -0.0460 -0.0320 -0.0370 
 0.0000  0.0000  0.0000  0.0000  0.0000  0.0000  0.0000  0.0000  0.0000  0.0000  0.0000  0.0000  0.0000  0.0000  0.0000  0.0000  0.0000 -0.0030 -0.0050 -0.0770 -0.0830 -0.0880 -0.1060 -0.1340 -0.1680 -0.1850 -0.2030 -0.1900 -0.0690 -0.0590 -0.0580 -0.0370 -0.0380 
 0.0000  0.0000  0.0000  0.0000  0.0000  0.0000  0.0000  0.0000  0.0000  0.0000  0.0000  0.0000  0.0000  0.0000  0.0000  0.0000  0.0000  0.0000 -0.0040 -0.0750 -0.0820 -0.0880 -0.1090 -0.1450 -0.1820 -0.2170 -0.2520 -0.2560 -0.1160 -0.1060 -0.0890 -0.0600 -0.0560 
 0.0000  0.0000  0.0000  0.0000  0.0000  0.0000  0.0000  0.0000  0.0000  0.0000  0.0000  0.0000  0.0000  0.0000  0.0000  0.0000  0.0000  0.0020 -0.0040 -0.1060 -0.1110 -0.1230 -0.1410 -0.1820 -0.2050 -0.2520 -0.2990 -0.3150 -0.1730 -0.1580 -0.1290 -0.0970 -0.0840 
 0.0000  0.0000  0.0000  0.0000  0.0000  0.0000  0.0000  0.0000  0.0000  0.0000  0.0000  0.0000  0.0000  0.0000  0.0000  0.0000  0.0000  0.0060 -0.0020 -0.0720 -0.0800 -0.0890 -0.1120 -0.1570 -0.1880 -0.2420 -0.3130 -0.3560 -0.2160 -0.2220 -0.1830 -0.1280 -0.1140 
 0.0000  0.0000  0.0000  0.0000  0.0000  0.0000  0.0000  0.0000  0.0000  0.0000  0.0000  0.0000  0.0000  0.0000  0.0000  0.0000  0.0000  0.0100  0.0000 -0.0650 -0.0660 -0.0760 -0.0990 -0.1420 -0.1690 -0.2220 -0.2870 -0.3430 -0.2260 -0.2610 -0.2290 -0.1350 -0.1130 
 0.0000  0.0000  0.0000  0.0000  0.0000  0.0000  0.0000  0.0000  0.0000  0.0000  0.0000  0.0000  0.0000  0.0000  0.0000  0.0000  0.0000  0.0050  0.0000 -0.0550 -0.0560 -0.0700 -0.0850 -0.1190 -0.1440 -0.1910 -0.2490 -0.3120 -0.2500 -0.3200 -0.3060 -0.1840 -0.1540 
 0.0000  0.0000  0.0000  0.0000  0.0000  0.0000  0.0000  0.0000  0.0000  0.0000  0.0000  0.0000  0.0000  0.0000  0.0000  0.0000  0.0000  0.0000  0.0000 -0.0450 -0.0490 -0.0550 -0.0700 -0.0880 -0.0990 -0.1250 -0.1460 -0.2070 -0.2230 -0.3620 -0.4180 -0.2530 -0.2220 
 0.0000  0.0000  0.0000  0.0000  0.0000  0.0000  0.0000  0.0000  0.0000  0.0000  0.0000  0.0000  0.0000  0.0000  0.0000  0.0000  0.0000  0.0000 -0.0020 -0.0700 -0.0730 -0.0830 -0.0900 -0.1140 -0.1210 -0.1480 -0.1650 -0.2000 -0.1920 -0.2540 -0.3500 -0.3410 -0.3350 
 0.0000  0.0000  0.0000  0.0000  0.0000  0.0000  0.0000  0.0000  0.0000  0.0000  0.0000  0.0000  0.0000  0.0000  0.0000  0.0000  0.0000  0.0050  0.0000 -0.0720 -0.0740 -0.0830 -0.0980 -0.1160 -0.1280 -0.1540 -0.1790 -0.2040 -0.1660 -0.1790 -0.2680 -0.3140 -0.3240 
