 1.0000  0.7280  0.6960  0.6800  0.5740  0.5420  0.4660  0.4260  0.4230  0.3860  0.3900  0.4040  0.3870  0.2870  0.3940  0.4000  0.3900  0.0230  0.0000  0.0000  0.0000  0.0000  0.0000  0.0000  0.0000  0.0000  0.0000  0.0000  0.0000  0.0000  0.0000  0.0000  0.0000 
 0.7280  1.0000  0.7320  0.6860  0.5670  0.5300  0.4530  0.4120  0.4080  0.3690  0.3740  0.3820  0.3660  0.2720  0.3720  0.3750  0.3660  0.0230  0.0000  0.0000  0.0000  0.0000  0.0000  0.0000  0.0000  0.0000  0.0000  0.0000  0.0000  0.0000  0.0000  0.0000  0.0000 
 0.6960  0.7320  1.0000  0.7820  0.6550  0.6140  0.5220  0.4770  0.4700  0.4280  0.4320  0.4450  0.4220  0.3170  0.4300  0.4350  0.4230  0.0290  0.0000  0.0000  0.0000  0.0000  0.0000  0.0000  0.0000  0.0000  0.0000  0.0000  0.0000  0.0000  0.0000  0.0000  0.0000 
 0.6800  0.6860  0.7820  1.0000  0.7300  0.6740  0.5750  0.5250  0.5140  0.4630  0.4680  0.4790  0.4540  0.3400  0.4600  0.4630  0.4510  0.0290  0.0000  0.0000  0.0000  0.0000  0.0000  0.0000  0.0000  0.0000  0.0000  0.0000  0.0000  0.0000  0.0000  0.0000  0.0000 
 0.5740  0.5670  0.6550  0.7300  1.0000  0.7630  0.6250  0.5670  0.5500  0.4910  0.4900  0.5000  0.4720  0.3520  0.4720  0.4750  0.4620  0.0330  0.0000  0.0000  0.0000  0.0000  0.0000  0.0000  0.0000  0.0000  0.0000  0.0000  0.0000  0.0000  0.0000  0.0000  0.0000 
 0.5420  0.5300  0.6140  0.6740  0.7630  1.0000  0.6970  0.6050  0.5890  0.5200  0.5130  0.5210  0.4920  0.3660  0.4940  0.4940  0.4790  0.0310  0.0000  0.0000  0.0000  0.0000  0.0000  0.0000  0.0000  0.0000  0.0000  0.0000  0.0000  0.0000  0.0000  0.0000  0.0000 
 0.4660  0.4530  0.5220  0.5750  0.6250  0.6970  1.0000  0.6640  0.6030  0.5360  0.5300  0.5380  0.5020  0.3740  0.5040  0.5030  0.4880  0.0310  0.0000  0.0000  0.0000  0.0000  0.0000  0.0000  0.0000  0.0000  0.0000  0.0000  0.0000  0.0000  0.0000  0.0000  0.0000 
 0.4260  0.4120  0.4770  0.5250  0.5670  0.6050  0.6640  1.0000  0.6180  0.5270  0.5120  0.5170  0.4820  0.3550  0.4840  0.4840  0.4680  0.0320  0.0000  0.0000  0.0000  0.0000  0.0000  0.0000  0.0000  0.0000  0.0000  0.0000  0.0000  0.0000  0.0000  0.0000  0.0000 
 0.4230  0.4080  0.4700  0.5140  0.5500  0.5890  0.6030  0.6180  1.0000  0.6140  0.5640  0.5620  0.5170  0.3820  0.5100  0.5090  0.4930  0.0300  0.0000  0.0000  0.0000  0.0000  0.0000  0.0000  0.0000  0.0000  0.0000  0.0000  0.0000  0.0000  0.0000  0.0000  0.0000 
 0.3860  0.3690  0.4280  0.4630  0.4910  0.5200  0.5360  0.5270  0.6140  1.0000  0.6410  0.6010  0.5250  0.3790  0.5080  0.5000  0.4810  0.0310  0.0000  0.0000  0.0000  0.0000  0.0000  0.0000  0.0000  0.0000  0.0000  0.0000  0.0000  0.0000  0.0000  0.0000  0.0000 
 0.3900  0.3740  0.4320  0.4680  0.4900  0.5130  0.5300  0.5120  0.5640  0.6410  1.0000  0.7300  0.6220  0.4370  0.5960  0.5820  0.5630  0.0380  0.0000  0.0000  0.0000  0.0000  0.0000  0.0000  0.0000  0.0000  0.0000  0.0000  0.0000  0.0000  0.0000  0.0000  0.0000 
 0.4040  0.3820  0.4450  0.4790  0.5000  0.5210  0.5380  0.5170  0.5620  0.6010  0.7300  1.0000  0.7010  0.4690  0.6450  0.6350  0.6140  0.0420  0.0000  0.0000  0.0000  0.0000  0.0000  0.0000  0.0000  0.0000  0.0000  0.0000  0.0000  0.0000  0.0000  0.0000  0.0000 
 0.3870  0.3660  0.4220  0.4540  0.4720  0.4920  0.5020  0.4820  0.5170  0.5250  0.6220  0.7010  1.0000  0.4660  0.6240  0.6240  0.6090  0.0400  0.0000  0.0000  0.0000  0.0000  0.0000  0.0000  0.0000  0.0000  0.0000  0.0000  0.0000  0.0000  0.0000  0.0000  0.0000 
 0.2870  0.2720  0.3170  0.3400  0.3520  0.3660  0.3740  0.3550  0.3820  0.3790  0.4370  0.4690  0.4660  1.0000  0.5100  0.4730  0.4640  0.0340  0.0000  0.0000  0.0000  0.0000  0.0000  0.0000  0.0000  0.0000  0.0000  0.0000  0.0000  0.0000  0.0000  0.0000  0.0000 
 0.3940  0.3720  0.4300  0.4600  0.4720  0.4940  0.5040  0.4840  0.5100  0.5080  0.5960  0.6450  0.6240  0.5100  1.0000  0.7660  0.7000  0.0480  0.0000  0.0000  0.0000  0.0000  0.0000  0.0000  0.0000  0.0000  0.0000  0.0000  0.0000  0.0000  0.0000  0.0000  0.0000 
 0.4000  0.3750  0.4350  0.4630  0.4750  0.4940  0.5030  0.4840  0.5090  0.5000  0.5820  0.6350  0.6240  0.4730  0.7660  1.0000  0.7570  0.0510  0.0000  0.0000  0.0000  0.0000  0.0000  0.0000  0.0000  0.0000  0.0000  0.0000  0.0000  0.0000  0.0000  0.0000  0.0000 
 0.3900  0.3660  0.4230  0.4510  0.4620  0.4790  0.4880  0.4680  0.4930  0.4810  0.5630  0.6140  0.6090  0.4640  0.7000  0.7570  1.0000  0.0670  0.0000  0.0000  0.0000  0.0000  0.0000  0.0000  0.0000  0.0000  0.0000  0.0000  0.0000  0.0000  0.0000  0.0000  0.0000 
 0.0230  0.0230  0.0290  0.0290  0.0330  0.0310  0.0310  0.0320  0.0300  0.0310  0.0380  0.0420  0.0400  0.0340  0.0480  0.0510  0.0670  1.0000  0.1870  0.0030  0.0010  0.0000  0.0030  0.0000  0.0080  0.0090  0.0110  0.0080  0.0060  0.0090  0.0160  0.0070  0.0140 
 0.0000  0.0000  0.0000  0.0000  0.0000  0.0000  0.0000  0.0000  0.0000  0.0000  0.0000  0.0000  0.0000  0.0000  0.0000  0.0000  0.0000  0.1870  1.0000  0.0860  0.0900  0.0870  0.0850  0.0730  0.0540  0.0480  0.0350  0.0250  0.0190  0.0100  0.0090  0.0140  0.0120 
 0.0000  0.0000  0.0000  0.0000  0.0000  0.0000  0.0000  0.0000  0.0000  0.0000  0.0000  0.0000  0.0000  0.0000  0.0000  0.0000  0.0000  0.0030  0.0860  1.0000  0.8540  0.8200  0.7970  0.6900  0.4820  0.4700  0.3260  0.2810  0.2060  0.1300  0.1280  0.1690  0.1640 
 0.0000  0.0000  0.0000  0.0000  0.0000  0.0000  0.0000  0.0000  0.0000  0.0000  0.0000  0.0000  0.0000  0.0000  0.0000  0.0000  0.0000  0.0010  0.0900  0.8540  1.0000  0.8580  0.8240  0.7190  0.5130  0.4950  0.3470  0.2990  0.2260  0.1390  0.1370  0.1880  0.1800 
 0.0000  0.0000  0.0000  0.0000  0.0000  0.0000  0.0000  0.0000  0.0000  0.0000  0.0000  0.0000  0.0000  0.0000  0.0000  0.0000  0.0000  0.0000  0.0870  0.8200  0.8580  1.0000  0.7900  0.7140  0.5220  0.5150  0.3730  0.3280  0.2380  0.1530  0.1460  0.1840  0.1750 
 0.0000  0.0000  0.0000  0.0000  0.0000  0.0000  0.0000  0.0000  0.0000  0.0000  0.0000  0.0000  0.0000  0.0000  0.0000  0.0000  0.0000  0.0030  0.0850  0.7970  0.8240  0.7900  1.0000  0.7330  0.5550  0.5530  0.4260  0.3760  0.2620  0.1810  0.1660  0.1900  0.1840 
 0.0000  0.0000  0.0000  0.0000  0.0000  0.0000  0.0000  0.0000  0.0000  0.0000  0.0000  0.0000  0.0000  0.0000  0.0000  0.0000  0.0000  0.0000  0.0730  0.6900  0.7190  0.7140  0.7330  1.0000  0.5910  0.6070  0.5110  0.4550  0.3020  0.2310  0.1920  0.1960  0.1820 
 0.0000  0.0000  0.0000  0.0000  0.0000  0.0000  0.0000  0.0000  0.0000  0.0000  0.0000  0.0000  0.0000  0.0000  0.0000  0.0000  0.0000  0.0080  0.0540  0.4820  0.5130  0.5220  0.5550  0.5910  1.0000  0.6210  0.5560  0.5020  0.3210  0.2690  0.2170  0.1970  0.1810 
 0.0000  0.0000  0.0000  0.0000  0.0000  0.0000  0.0000  0.0000  0.0000  0.0000  0.0000  0.0000  0.0000  0.0000  0.0000  0.0000  0.0000  0.0090  0.0480  0.4700  0.4950  0.5150  0.5530  0.6070  0.6210  1.0000  0.6420  0.5990  0.3800  0.3380  0.2790  0.2380  0.2170 
 0.0000  0.0000  0.0000  0.0000  0.0000  0.0000  0.0000  0.0000  0.0000  0.0000  0.0000  0.0000  0.0000  0.0000  0.0000  0.0000  0.0000  0.0110  0.0350  0.3260  0.3470  0.3730  0.4260  0.5110  0.5560  0.6420  1.0000  0.6830  0.4330  0.4230  0.3460  0.2730  0.2530 
 0.0000  0.0000  0.0000  0.0000  0.0000  0.0000  0.0000  0.0000  0.0000  0.0000  0.0000  0.0000  0.0000  0.0000  0.0000  0.0000  0.0000  0.0080  0.0250  0.2810  0.2990  0.3280  0.3760  0.4550  0.5020  0.5990  0.6830  1.0000  0.5270  0.5530  0.4620  0.3690  0.3350 
 0.0000  0.0000  0.0000  0.0000  0.0000  0.0000  0.0000  0.0000  0.0000  0.0000  0.0000  0.0000  0.0000  0.0000  0.0000  0.0000  0.0000  0.0060  0.0190  0.2060  0.2260  0.2380  0.2620  0.3020  0.3210  0.3800  0.4330  0.5270  1.0000  0.5310  0.4810  0.4700  0.4420 
 0.0000  0.0000  0.0000  0.0000  0.0000  0.0000  0.0000  0.0000  0.0000  0.0000  0.0000  0.0000  0.0000  0.0000  0.0000  0.0000  0.0000  0.0090  0.0100  0.1300  0.1390  0.1530  0.1810  0.2310  0.2690  0.3380  0.4230  0.5530  0.5310  1.0000  0.7700  0.4400  0.3770 
 0.0000  0.0000  0.0000  0.0000  0.0000  0.0000  0.0000  0.0000  0.0000  0.0000  0.0000  0.0000  0.0000  0.0000  0.0000  0.0000  0.0000  0.0160  0.0090  0.1280  0.1370  0.1460  0.1660  0.1920  0.2170  0.2790  0.3460  0.4620  0.4810  0.7700  1.0000  0.6170  0.5620 
 0.0000  0.0000  0.0000  0.0000  0.0000  0.0000  0.0000  0.0000  0.0000  0.0000  0.0000  0.0000  0.0000  0.0000  0.0000  0.0000  0.0000  0.0070  0.0140  0.1690  0.1880  0.1840  0.1900  0.1960  0.1970  0.2380  0.2730  0.3690  0.4700  0.4400  0.6170  1.0000  0.9330 
 0.0000  0.0000  0.0000  0.0000  0.0000  0.0000  0.0000  0.0000  0.0000  0.0000  0.0000  0.0000  0.0000  0.0000  0.0000  0.0000  0.0000  0.0140  0.0120  0.1640  0.1800  0.1750  0.1840  0.1820  0.1810  0.2170  0.2530  0.3350  0.4420  0.3770  0.5620  0.9330  1.0000 
