 0.0000  0.0000  0.0000  0.0000  0.0000  0.0000  0.0000  0.0000  0.0000  0.0000  0.0000  0.0000  0.0000  0.0000  0.0000  0.0000  0.0000  0.0000  0.0000  0.0000  0.0000  0.0000  0.0000  0.0000  0.0000  0.0000  0.0000  0.0000  0.0000  0.0000  0.0000  0.0000  0.0000 
-0.0010 -0.0020 -0.0030  0.0000  0.0000  0.0000  0.0000  0.0000  0.0000  0.0000  0.0000  0.0000  0.0000  0.0000  0.0000  0.0000  0.0000  0.0000  0.0000  0.0000  0.0000  0.0000  0.0000  0.0000  0.0000  0.0000  0.0000  0.0000  0.0000  0.0000  0.0000  0.0000  0.0000 
-0.0090 -0.0110 -0.0100 -0.0060 -0.0050 -0.0030  0.0000  0.0000  0.0000  0.0000  0.0000  0.0000  0.0020  0.0020  0.0020  0.0020  0.0020  0.0000  0.0000  0.0000  0.0000  0.0000  0.0000  0.0000  0.0000  0.0000  0.0000  0.0000  0.0000  0.0000  0.0000  0.0000  0.0000 
-0.0250 -0.0250 -0.0330 -0.0460 -0.0410 -0.0350 -0.0190 -0.0070  0.0000  0.0000  0.0000  0.0000  0.0000  0.0000  0.0000  0.0000  0.0000  0.0000  0.0000  0.0000  0.0000  0.0000  0.0000  0.0000  0.0000  0.0000  0.0000  0.0000  0.0000  0.0000  0.0000  0.0000  0.0000 
-0.0340 -0.0370 -0.0520 -0.0810 -0.0830 -0.0780 -0.0580 -0.0370 -0.0250 -0.0190 -0.0170 -0.0160 -0.0150 -0.0150 -0.0150 -0.0150 -0.0150 -0.0140  0.0000  0.0000  0.0000  0.0000  0.0000  0.0000  0.0000  0.0000  0.0000  0.0000  0.0000  0.0000  0.0000  0.0000  0.0000 
-0.0230 -0.0300 -0.0500 -0.0890 -0.1050 -0.1130 -0.1030 -0.0860 -0.0710 -0.0650 -0.0620 -0.0610 -0.0620 -0.0620 -0.0620 -0.0620 -0.0620 -0.0550  0.0000  0.0000  0.0000  0.0000  0.0000  0.0000  0.0000  0.0000  0.0000  0.0000  0.0000  0.0000  0.0000  0.0000  0.0000 
 0.0030 -0.0050 -0.0260 -0.0700 -0.1020 -0.1310 -0.1440 -0.1380 -0.1290 -0.1240 -0.1220 -0.1210 -0.1210 -0.1210 -0.1210 -0.1210 -0.1210 -0.1090  0.0000  0.0000  0.0000  0.0000  0.0000  0.0000  0.0000  0.0000  0.0000  0.0000  0.0000  0.0000  0.0000  0.0000  0.0000 
 0.0350  0.0240  0.0000 -0.0420 -0.0910 -0.1450 -0.1820 -0.1920 -0.1880 -0.1860 -0.1840 -0.1830 -0.1840 -0.1840 -0.1840 -0.1840 -0.1840 -0.1660  0.0000  0.0000  0.0000  0.0000  0.0000  0.0000  0.0000  0.0000  0.0000  0.0000  0.0000  0.0000  0.0000  0.0000  0.0000 
 0.0690  0.0550  0.0300 -0.0210 -0.0890 -0.1670 -0.2300 -0.2520 -0.2530 -0.2540 -0.2520 -0.2520 -0.2510 -0.2510 -0.2510 -0.2510 -0.2510 -0.2310  0.0000  0.0000  0.0000  0.0000  0.0000  0.0000  0.0000  0.0000  0.0000  0.0000  0.0000  0.0000  0.0000  0.0000  0.0000 
 0.1090  0.0910  0.0590 -0.0060 -0.0950 -0.2050 -0.2970 -0.3330 -0.3400 -0.3430 -0.3430 -0.3420 -0.3420 -0.3420 -0.3420 -0.3420 -0.3420 -0.3130  0.0000  0.0000  0.0000  0.0000  0.0000  0.0000  0.0000  0.0000  0.0000  0.0000  0.0000  0.0000  0.0000  0.0000  0.0000 
 0.1460  0.1220  0.0850  0.0000 -0.1080 -0.2490 -0.3680 -0.4150 -0.4280 -0.4300 -0.4320 -0.4320 -0.4310 -0.4310 -0.4310 -0.4310 -0.4310 -0.3940  0.0000  0.0000  0.0000  0.0000  0.0000  0.0000  0.0000  0.0000  0.0000  0.0000  0.0000  0.0000  0.0000  0.0000  0.0000 
 0.1670  0.1440  0.0990  0.0020 -0.1180 -0.2740 -0.4090 -0.4670 -0.4790 -0.4850 -0.4850 -0.4860 -0.4870 -0.4870 -0.4870 -0.4870 -0.4870 -0.4450  0.0000  0.0000  0.0000  0.0000  0.0000  0.0000  0.0000  0.0000  0.0000  0.0000  0.0000  0.0000  0.0000  0.0000  0.0000 
 0.1860  0.1610  0.1140  0.0080 -0.1250 -0.2980 -0.4480 -0.5100 -0.5260 -0.5320 -0.5320 -0.5320 -0.5320 -0.5320 -0.5320 -0.5320 -0.5320 -0.4870  0.0000  0.0000  0.0000  0.0000  0.0000  0.0000  0.0000  0.0000  0.0000  0.0000  0.0000  0.0000  0.0000  0.0000  0.0000 
 0.2040  0.1700  0.1220  0.0060 -0.1340 -0.3210 -0.4820 -0.5480 -0.5670 -0.5720 -0.5730 -0.5740 -0.5730 -0.5730 -0.5730 -0.5730 -0.5730 -0.5220  0.0000  0.0000  0.0000  0.0000  0.0000  0.0000  0.0000  0.0000  0.0000  0.0000  0.0000  0.0000  0.0000  0.0000  0.0000 
 0.2240  0.1900  0.1360  0.0060 -0.1480 -0.3540 -0.5330 -0.6070 -0.6250 -0.6320 -0.6310 -0.6340 -0.6340 -0.6340 -0.6340 -0.6340 -0.6340 -0.5800  0.0000  0.0000  0.0000  0.0000  0.0000  0.0000  0.0000  0.0000  0.0000  0.0000  0.0000  0.0000  0.0000  0.0000  0.0000 
 0.2460  0.2090  0.1480  0.0100 -0.1630 -0.3870 -0.5820 -0.6650 -0.6860 -0.6920 -0.6930 -0.6920 -0.6940 -0.6940 -0.6940 -0.6940 -0.6940 -0.6340  0.0000  0.0000  0.0000  0.0000  0.0000  0.0000  0.0000  0.0000  0.0000  0.0000  0.0000  0.0000  0.0000  0.0000  0.0000 
 0.2570  0.2170  0.1570  0.0090 -0.1700 -0.4040 -0.6080 -0.6900 -0.7130 -0.7200 -0.7210 -0.7240 -0.7210 -0.7210 -0.7210 -0.7210 -0.7210 -0.6610  0.0000  0.0000  0.0000  0.0000  0.0000  0.0000  0.0000  0.0000  0.0000  0.0000  0.0000  0.0000  0.0000  0.0000  0.0000 
 0.2410  0.2030  0.1450  0.0090 -0.1580 -0.3800 -0.5690 -0.6470 -0.6720 -0.6740 -0.6760 -0.6770 -0.6790 -0.6790 -0.6790 -0.6790 -0.6790 -0.7140 -0.2220  0.0210  0.0550  0.0370  0.0000 -0.0110 -0.0080 -0.0040  0.0010  0.0050  0.0040  0.0040  0.0000  0.0000  0.0000 
 0.0000  0.0000  0.0000  0.0000  0.0000  0.0000  0.0000  0.0000  0.0000  0.0000  0.0000  0.0000  0.0000  0.0000  0.0000  0.0000  0.0000 -0.0800 -0.8600 -0.3590 -0.1880 -0.0620  0.0220  0.0480  0.0360  0.0090  0.0000 -0.0030  0.0000  0.0000  0.0010  0.0000  0.0000 
 0.0000  0.0000  0.0000  0.0000  0.0000  0.0000  0.0000  0.0000  0.0000  0.0000  0.0000  0.0000  0.0000  0.0000  0.0000  0.0000  0.0000  0.0000 -0.2960 -0.8110 -0.4640 -0.2980 -0.0730  0.0660  0.0670  0.0310  0.0000 -0.0270 -0.0170 -0.0130  0.0050  0.0000 -0.0020 
 0.0000  0.0000  0.0000  0.0000  0.0000  0.0000  0.0000  0.0000  0.0000  0.0000  0.0000  0.0000  0.0000  0.0000  0.0000  0.0000  0.0000  0.0020 -0.1200 -0.3570 -0.5350 -0.3680 -0.1710  0.0000  0.0260  0.0000  0.0060  0.0000 -0.0010  0.0000  0.0010  0.0000  0.0000 
 0.0000  0.0000  0.0000  0.0000  0.0000  0.0000  0.0000  0.0000  0.0000  0.0000  0.0000  0.0000  0.0000  0.0000  0.0000  0.0000  0.0000  0.0010 -0.0300 -0.1940 -0.3070 -0.3860 -0.2050 -0.0860 -0.0340 -0.0390  0.0090  0.0250  0.0090  0.0230  0.0000  0.0010  0.0010 
 0.0000  0.0000  0.0000  0.0000  0.0000  0.0000  0.0000  0.0000  0.0000  0.0000  0.0000  0.0000  0.0000  0.0000  0.0000  0.0000  0.0000  0.0000  0.0130 -0.0340 -0.1070 -0.1710 -0.2570 -0.1480 -0.0960 -0.0940  0.0000  0.0360  0.0120  0.0310 -0.0020  0.0040  0.0080 
 0.0000  0.0000  0.0000  0.0000  0.0000  0.0000  0.0000  0.0000  0.0000  0.0000  0.0000  0.0000  0.0000  0.0000  0.0000  0.0000  0.0000  0.0000  0.0290  0.0460  0.0270 -0.0540 -0.1330 -0.1690 -0.1340 -0.1460 -0.0430  0.0000 -0.0110  0.0000 -0.0110  0.0020  0.0080 
 0.0000  0.0000  0.0000  0.0000  0.0000  0.0000  0.0000  0.0000  0.0000  0.0000  0.0000  0.0000  0.0000  0.0000  0.0000  0.0000  0.0000  0.0000  0.0230  0.0650  0.0730  0.0080 -0.0670 -0.1440 -0.1670 -0.1650 -0.0920 -0.0490 -0.0460 -0.0460 -0.0210  0.0020  0.0030 
 0.0000  0.0000  0.0000  0.0000  0.0000  0.0000  0.0000  0.0000  0.0000  0.0000  0.0000  0.0000  0.0000  0.0000  0.0000  0.0000  0.0000  0.0000  0.0130  0.0460  0.0780  0.0520 -0.0030 -0.0870 -0.1210 -0.1720 -0.1320 -0.1050 -0.0910 -0.1080 -0.0350  0.0000  0.0020 
 0.0000  0.0000  0.0000  0.0000  0.0000  0.0000  0.0000  0.0000  0.0000  0.0000  0.0000  0.0000  0.0000  0.0000  0.0000  0.0000  0.0000  0.0000  0.0010  0.0100  0.0690  0.0900  0.0770  0.0000 -0.0630 -0.1420 -0.1810 -0.1530 -0.1300 -0.1760 -0.0590  0.0000  0.0070 
 0.0000  0.0000  0.0000  0.0000  0.0000  0.0000  0.0000  0.0000  0.0000  0.0000  0.0000  0.0000  0.0000  0.0000  0.0000  0.0000  0.0000  0.0000  0.0000 -0.0070  0.0390  0.0900  0.1030  0.0170 -0.0610 -0.1530 -0.2120 -0.2320 -0.1730 -0.2550 -0.1040 -0.0040  0.0000 
 0.0000  0.0000  0.0000  0.0000  0.0000  0.0000  0.0000  0.0000  0.0000  0.0000  0.0000  0.0000  0.0000  0.0000  0.0000  0.0000  0.0000  0.0000 -0.0020 -0.0200  0.0260  0.0820  0.0960  0.0340 -0.0390 -0.1410 -0.2020 -0.2330 -0.1890 -0.2950 -0.1850  0.0000  0.0180 
 0.0000  0.0000  0.0000  0.0000  0.0000  0.0000  0.0000  0.0000  0.0000  0.0000  0.0000  0.0000  0.0000  0.0000  0.0000  0.0000  0.0000  0.0000  0.0000 -0.0120  0.0280  0.0720  0.0960  0.0370 -0.0310 -0.1220 -0.1930 -0.2390 -0.1830 -0.3320 -0.2750 -0.0020  0.0200 
 0.0000  0.0000  0.0000  0.0000  0.0000  0.0000  0.0000  0.0000  0.0000  0.0000  0.0000  0.0000  0.0000  0.0000  0.0000  0.0000  0.0000  0.0000  0.0040  0.0140  0.0440  0.0500  0.0420  0.0070 -0.0140 -0.0630 -0.0970 -0.1180 -0.0920 -0.2670 -0.4110 -0.0690 -0.0180 
 0.0000  0.0000  0.0000  0.0000  0.0000  0.0000  0.0000  0.0000  0.0000  0.0000  0.0000  0.0000  0.0000  0.0000  0.0000  0.0000  0.0000  0.0000  0.0000  0.0000  0.0280  0.0540  0.0690  0.0380  0.0120 -0.0130 -0.0280 -0.0080  0.0300 -0.0370 -0.1840 -0.2700 -0.1880 
 0.0000  0.0000  0.0000  0.0000  0.0000  0.0000  0.0000  0.0000  0.0000  0.0000  0.0000  0.0000  0.0000  0.0000  0.0000  0.0000  0.0000  0.0000  0.0000 -0.0130  0.0140  0.0560  0.0790  0.0540  0.0170 -0.0070 -0.0300 -0.0040  0.0480  0.0180 -0.0640 -0.2910 -0.2230 
