-0.0200 -0.0170 -0.0150 -0.0160 -0.0130 -0.0010  0.0000  0.0000  0.0000  0.0000  0.0000  0.0000  0.0000  0.0000  0.0000  0.0000  0.0000  0.0000  0.0000  0.0000  0.0000  0.0000  0.0000  0.0000  0.0000  0.0000  0.0000  0.0000  0.0000  0.0000  0.0000  0.0000  0.0000 
-0.0050 -0.0050 -0.0050 -0.0060 -0.0040  0.0000  0.0000  0.0000  0.0000  0.0000  0.0000  0.0000  0.0000  0.0000  0.0000  0.0000  0.0000  0.0000  0.0000  0.0000  0.0000  0.0000  0.0000  0.0000  0.0000  0.0000  0.0000  0.0000  0.0000  0.0000  0.0000  0.0000  0.0000 
 0.0000  0.0000  0.0000  0.0000  0.0000  0.0000  0.0000  0.0000  0.0000  0.0000  0.0000  0.0000  0.0000  0.0000  0.0000  0.0000  0.0000  0.0000  0.0000  0.0000  0.0000  0.0000  0.0000  0.0000  0.0000  0.0000  0.0000  0.0000  0.0000  0.0000  0.0000  0.0000  0.0000 
 0.0000  0.0000  0.0000  0.0000  0.0000  0.0000  0.0000  0.0000  0.0000  0.0000  0.0000  0.0000  0.0000  0.0000  0.0000  0.0000  0.0000  0.0000  0.0000  0.0000  0.0000  0.0000  0.0000  0.0000  0.0000  0.0000  0.0000  0.0000  0.0000  0.0000  0.0000  0.0000  0.0000 
 0.0000  0.0000  0.0000  0.0000  0.0000  0.0000  0.0000  0.0000  0.0000  0.0000  0.0000  0.0000  0.0000  0.0000  0.0000  0.0000  0.0000  0.0000  0.0000  0.0000  0.0000  0.0000  0.0000  0.0000  0.0000  0.0000  0.0000  0.0000  0.0000  0.0000  0.0000  0.0000  0.0000 
 0.0000  0.0000  0.0000  0.0000  0.0000  0.0000  0.0000  0.0000  0.0000  0.0000  0.0000  0.0000  0.0000  0.0000  0.0000  0.0000  0.0000  0.0000  0.0000  0.0000  0.0000  0.0000  0.0000  0.0000  0.0000  0.0000  0.0000  0.0000  0.0000  0.0000  0.0000  0.0000  0.0000 
 0.0000  0.0000  0.0000  0.0000  0.0000  0.0000  0.0000  0.0000  0.0000  0.0000  0.0000  0.0000  0.0000  0.0000  0.0000  0.0000  0.0000  0.0000  0.0000  0.0000  0.0000  0.0000  0.0000  0.0000  0.0000  0.0000  0.0000  0.0000  0.0000  0.0000  0.0000  0.0000  0.0000 
 0.0000  0.0000  0.0000  0.0000  0.0000  0.0000  0.0000  0.0000  0.0000  0.0000  0.0000  0.0000  0.0000  0.0000  0.0000  0.0000  0.0000  0.0000  0.0000  0.0000  0.0000  0.0000  0.0000  0.0000  0.0000  0.0000  0.0000  0.0000  0.0000  0.0000  0.0000  0.0000  0.0000 
 0.0000  0.0000  0.0000  0.0000  0.0000  0.0000  0.0000  0.0000  0.0000  0.0000  0.0000  0.0000  0.0000  0.0000  0.0000  0.0000  0.0000  0.0000  0.0000  0.0000  0.0000  0.0000  0.0000  0.0000  0.0000  0.0000  0.0000  0.0000  0.0000  0.0000  0.0000  0.0000  0.0000 
 0.0000  0.0000  0.0000  0.0000  0.0000  0.0000  0.0000  0.0000  0.0000  0.0000  0.0000  0.0000  0.0000  0.0000  0.0000  0.0000  0.0000  0.0000  0.0000  0.0000  0.0000  0.0000  0.0000  0.0000  0.0000  0.0000  0.0000  0.0000  0.0000  0.0000  0.0000  0.0000  0.0000 
 0.0000  0.0000  0.0000  0.0000  0.0000  0.0000  0.0000  0.0000  0.0000  0.0000  0.0000  0.0000  0.0000  0.0000  0.0000  0.0000  0.0000  0.0000  0.0000  0.0000  0.0000  0.0000  0.0000  0.0000  0.0000  0.0000  0.0000  0.0000  0.0000  0.0000  0.0000  0.0000  0.0000 
 0.0000  0.0000  0.0000  0.0000  0.0000  0.0000  0.0000  0.0000  0.0000  0.0000  0.0000  0.0000  0.0000  0.0000  0.0000  0.0000  0.0000  0.0000  0.0000  0.0000  0.0000  0.0000  0.0000  0.0000  0.0000  0.0000  0.0000  0.0000  0.0000  0.0000  0.0000  0.0000  0.0000 
 0.0000  0.0000  0.0000  0.0000  0.0000  0.0000  0.0000  0.0000  0.0000  0.0000  0.0000  0.0000  0.0000  0.0000  0.0000  0.0000  0.0000  0.0000  0.0000  0.0000  0.0000  0.0000  0.0000  0.0000  0.0000  0.0000  0.0000  0.0000  0.0000  0.0000  0.0000  0.0000  0.0000 
 0.0000  0.0000  0.0000  0.0000  0.0000  0.0000  0.0000  0.0000  0.0000  0.0000  0.0000  0.0000  0.0000  0.0050  0.0060  0.0010  0.0080  0.0090 -0.0090  0.0160  0.0100  0.0040  0.0160  0.0080  0.0090  0.0050  0.0050  0.0060  0.0010  0.0010  0.0020  0.0010  0.0000 
 0.0000  0.0000  0.0000  0.0000  0.0000  0.0000  0.0000  0.0000  0.0000  0.0000  0.0000  0.0000  0.0000  0.0110  0.0340  0.0240  0.0220  0.0040  0.0000  0.0550  0.0520  0.0490  0.0540  0.0360  0.0440  0.0310  0.0550  0.0380  0.0270  0.0270  0.0270  0.0260  0.0280 
 0.0000  0.0000  0.0000  0.0000  0.0000  0.0000  0.0000  0.0000  0.0000  0.0000  0.0000  0.0000  0.0000  0.0000  0.0070  0.0080  0.0130 -0.0080  0.0250  0.0490  0.0630  0.0680  0.0450  0.0240  0.0350  0.0180  0.0920  0.0320  0.0140  0.0180  0.0180  0.0180  0.0190 
 0.0000  0.0000  0.0000  0.0000  0.0000  0.0000  0.0000  0.0000  0.0000  0.0000  0.0000  0.0000  0.0000  0.0000  0.0000  0.0010  0.0100 -0.0150  0.0270  0.0540  0.0730  0.0770  0.0440  0.0200  0.0320  0.0160  0.1020  0.0290  0.0100  0.0150  0.0150  0.0140  0.0130 
 0.0000  0.0000  0.0000  0.0000  0.0000  0.0000  0.0000  0.0000  0.0000  0.0000  0.0000  0.0000  0.0000 -0.0020  0.0000  0.0010  0.0110 -0.0020  0.0220  0.0630  0.0720  0.0760  0.0520  0.0240  0.0380  0.0150  0.1090  0.0310  0.0100  0.0110  0.0150  0.0130  0.0130 
 0.0000  0.0000  0.0000  0.0000  0.0000  0.0000  0.0000  0.0000  0.0000  0.0000  0.0000  0.0000  0.0000 -0.0030  0.0000  0.0000  0.0090 -0.0080  0.0250  0.0640  0.0740  0.0760  0.0400  0.0170  0.0280  0.0080  0.0990  0.0220  0.0050  0.0040  0.0070  0.0070  0.0060 
 0.0000  0.0000  0.0000  0.0000  0.0000  0.0000  0.0000  0.0000  0.0000  0.0000  0.0000  0.0000  0.0000  0.0000  0.0000  0.0000  0.0120 -0.0060  0.0220  0.1200  0.0950  0.0800  0.0460  0.0160  0.0270  0.0060  0.1070  0.0180  0.0000  0.0000  0.0020  0.0020  0.0020 
 0.0000  0.0000  0.0000  0.0000  0.0000  0.0000  0.0000  0.0000  0.0000  0.0000  0.0000  0.0000  0.0000  0.0000  0.0000  0.0000  0.0140 -0.0060  0.0160  0.0310  0.1470  0.1080  0.0420  0.0170  0.0240  0.0080  0.0730  0.0180  0.0040  0.0030  0.0060  0.0070  0.0080 
 0.0000  0.0000  0.0000  0.0000  0.0000  0.0000  0.0000  0.0000  0.0000  0.0000  0.0000  0.0000  0.0000  0.0000  0.0000  0.0000  0.0030 -0.0020  0.0050  0.0200  0.0440  0.2230  0.0360  0.0120  0.0170  0.0110  0.0330  0.0170  0.0080  0.0080  0.0090  0.0080  0.0080 
 0.0000  0.0000  0.0000  0.0000  0.0000  0.0000  0.0000  0.0000  0.0000  0.0000  0.0000  0.0000  0.0000  0.0000  0.0000  0.0000  0.0070 -0.0040  0.0080  0.0440  0.0580  0.0580  0.0710  0.0460  0.0530  0.0450  0.0370  0.0590  0.0440  0.0440  0.0460  0.0450  0.0450 
 0.0000  0.0000  0.0000  0.0000  0.0000  0.0000  0.0000  0.0000  0.0000  0.0000  0.0000  0.0000  0.0000  0.0000  0.0000  0.0000  0.0000 -0.0160  0.0010  0.0140  0.0220  0.0260  0.0560  0.0710  0.0800  0.0920 -0.0060  0.1060  0.0980  0.0970  0.0970  0.0960  0.0970 
 0.0000  0.0000  0.0000  0.0000  0.0000  0.0000  0.0000  0.0000  0.0000  0.0000  0.0000  0.0000  0.0000  0.0000  0.0000  0.0000 -0.0040 -0.0160  0.0030  0.0000  0.0030  0.0070  0.0060  0.0140  0.0380  0.0560  0.0320  0.0510  0.0410  0.0430  0.0410  0.0420  0.0400 
 0.0000  0.0000  0.0000  0.0000  0.0000  0.0000  0.0000  0.0000  0.0000  0.0000  0.0000  0.0000  0.0000  0.0000  0.0000  0.0010 -0.0030 -0.0210  0.0110  0.0000  0.0130  0.0160 -0.0020  0.0000 -0.0030  0.0000  0.2290  0.0290  0.0020  0.0030  0.0070  0.0030  0.0050 
 0.0000  0.0000  0.0000  0.0000  0.0000  0.0000  0.0000  0.0000  0.0000  0.0000  0.0000  0.0000  0.0000  0.0000  0.0000  0.0000 -0.0090 -0.0240  0.0210 -0.0210  0.0000  0.0000 -0.0560 -0.0620 -0.0660 -0.0750  0.1140  0.0270 -0.0440 -0.0490 -0.0530 -0.0540 -0.0540 
 0.0000  0.0000  0.0000  0.0000  0.0000  0.0000  0.0000  0.0000  0.0000  0.0000  0.0000  0.0000  0.0000  0.0000  0.0000  0.0000 -0.0160 -0.0170  0.0000 -0.0420 -0.0260 -0.0260 -0.0290 -0.0050 -0.0110  0.0020 -0.2480 -0.0940 -0.0110 -0.0040 -0.0060 -0.0020 -0.0030 
 0.0000  0.0000  0.0000  0.0000  0.0000  0.0000  0.0000  0.0000  0.0000  0.0000  0.0000  0.0000  0.0000  0.0000  0.0010  0.0000 -0.0240 -0.0330  0.0220 -0.0660 -0.0280 -0.0240 -0.1280 -0.1220 -0.1300 -0.1250 -0.1240 -0.2080 -0.1410 -0.1330 -0.1350 -0.1360 -0.1350 
 0.0000  0.0000  0.0000  0.0000  0.0000  0.0000  0.0000  0.0000  0.0000  0.0000  0.0000  0.0000  0.0000  0.0000  0.0000  0.0000 -0.0280 -0.0470  0.0400 -0.0870 -0.0290 -0.0190 -0.1980 -0.2090 -0.2140 -0.2180 -0.0160 -0.2780 -0.2330 -0.2280 -0.2290 -0.2260 -0.2250 
 0.0000  0.0000  0.0000  0.0000  0.0000  0.0000  0.0000  0.0000  0.0000  0.0000  0.0000  0.0000  0.0000  0.0000  0.0000  0.0000 -0.0210 -0.0370  0.0300 -0.0640 -0.0180 -0.0110 -0.1400 -0.1410 -0.1490 -0.1480 -0.0270 -0.1860 -0.1550 -0.1530 -0.1540 -0.1510 -0.1520 
 0.0000  0.0000  0.0000  0.0000  0.0000  0.0000  0.0000  0.0000  0.0000  0.0000  0.0000  0.0000  0.0000  0.0000  0.0000  0.0000 -0.0110 -0.0230  0.0090 -0.0280 -0.0020 -0.0010 -0.0420 -0.0290 -0.0320 -0.0230 -0.0810 -0.0450 -0.0260 -0.0230 -0.0250 -0.0230 -0.0260 
 0.0000  0.0000  0.0000  0.0000  0.0000  0.0000  0.0000  0.0000  0.0000  0.0000  0.0000  0.0000  0.0000  0.0000  0.0000  0.0000 -0.0100 -0.0190  0.0040 -0.0180  0.0000  0.0000 -0.0200 -0.0060 -0.0090  0.0000 -0.0930 -0.0200 -0.0010  0.0000  0.0000  0.0000  0.0000 
