 0.0000  0.0000  0.0000  0.0000  0.0000  0.0000  0.0000  0.0000  0.0000  0.0000  0.0000  0.0000  0.0000  0.0000  0.0000  0.0000  0.0000  0.0000  0.0000  0.0000  0.0000  0.0000  0.0000  0.0000  0.0000  0.0000  0.0000  0.0000  0.0000  0.0000  0.0000  0.0000  0.0000 
 0.0000  0.0000  0.0000  0.0000  0.0000  0.0000  0.0000  0.0000  0.0000  0.0000  0.0000  0.0000  0.0000  0.0000  0.0000  0.0000  0.0000  0.0000  0.0000  0.0000  0.0000  0.0000  0.0000  0.0000  0.0000  0.0000  0.0000  0.0000  0.0000  0.0000  0.0000  0.0000  0.0000 
 0.0000  0.0000  0.0000  0.0000  0.0000  0.0000  0.0000  0.0000  0.0000  0.0000  0.0000  0.0000  0.0000  0.0000  0.0000  0.0000  0.0000  0.0000  0.0000  0.0000  0.0000  0.0000  0.0000  0.0000  0.0000  0.0000  0.0000  0.0000  0.0000  0.0000  0.0000  0.0000  0.0000 
 0.0000  0.0000  0.0000  0.0000  0.0000  0.0000  0.0000  0.0000  0.0000  0.0000  0.0000  0.0000  0.0000  0.0000  0.0000  0.0000  0.0000  0.0000  0.0000  0.0000  0.0000  0.0000  0.0000  0.0000  0.0000  0.0000  0.0000  0.0000  0.0000  0.0000  0.0000  0.0000  0.0000 
 0.0000  0.0000  0.0000  0.0000  0.0000  0.0000  0.0000  0.0000  0.0000  0.0000  0.0000  0.0000  0.0000  0.0000  0.0000  0.0000  0.0000  0.0000  0.0000  0.0000  0.0000  0.0000  0.0000  0.0000  0.0000  0.0000  0.0000  0.0000  0.0000  0.0000  0.0000  0.0000  0.0000 
 0.0000  0.0000  0.0000  0.0000  0.0000 -0.0010  0.0000  0.0000  0.0000  0.0000  0.0000  0.0000  0.0000  0.0000  0.0000  0.0000  0.0000  0.0000  0.0000  0.0000  0.0000  0.0000  0.0000  0.0000  0.0000  0.0000  0.0000  0.0000  0.0000  0.0000  0.0000  0.0000  0.0000 
 0.0000  0.0000  0.0000  0.0000  0.0000 -0.0010 -0.0060 -0.0050  0.0000  0.0000  0.0000  0.0000  0.0000  0.0000  0.0000  0.0000  0.0000  0.0000  0.0000  0.0000  0.0000  0.0000  0.0000  0.0000  0.0000  0.0000  0.0000  0.0000  0.0000  0.0000  0.0000  0.0000  0.0000 
 0.0000  0.0000  0.0000  0.0000  0.0000  0.0000 -0.0040 -0.0040 -0.0020  0.0000  0.0000  0.0000  0.0000  0.0000  0.0000  0.0000  0.0000  0.0000  0.0000  0.0000  0.0000  0.0000  0.0000  0.0000  0.0000  0.0000  0.0000  0.0000  0.0000  0.0000  0.0000  0.0000  0.0000 
 0.0000  0.0000  0.0000  0.0000  0.0000  0.0000  0.0000 -0.0030 -0.0040 -0.0040 -0.0030 -0.0010 -0.0030  0.0000  0.0000  0.0000  0.0000  0.0000  0.0000  0.0000  0.0000  0.0000  0.0000  0.0000  0.0000  0.0000  0.0000  0.0000  0.0000  0.0000  0.0000  0.0000  0.0000 
 0.0000  0.0000  0.0000  0.0000  0.0000  0.0000  0.0000 -0.0020 -0.0070 -0.0070 -0.0070 -0.0070 -0.0070  0.0000  0.0000  0.0000  0.0000  0.0000  0.0000  0.0000  0.0000  0.0000  0.0000  0.0000  0.0000  0.0000  0.0000  0.0000  0.0000  0.0000  0.0000  0.0000  0.0000 
 0.0000  0.0000  0.0000  0.0000  0.0000  0.0000  0.0000  0.0000 -0.0050 -0.0050 -0.0040 -0.0060 -0.0050  0.0000  0.0000  0.0000  0.0000  0.0000  0.0000  0.0000  0.0000  0.0000  0.0000  0.0000  0.0000  0.0000  0.0000  0.0000  0.0000  0.0000  0.0000  0.0000  0.0000 
 0.0000  0.0000  0.0000  0.0000  0.0000  0.0000  0.0000 -0.0010 -0.0040 -0.0070 -0.0040 -0.0060 -0.0060  0.0000  0.0000  0.0000  0.0000  0.0000  0.0000  0.0000  0.0000  0.0000  0.0000  0.0000  0.0000  0.0000  0.0000  0.0000  0.0000  0.0000  0.0000  0.0000  0.0000 
 0.0000  0.0000  0.0000  0.0000  0.0000  0.0000  0.0000  0.0000 -0.0030 -0.0060 -0.0040 -0.0050 -0.0040  0.0000  0.0000  0.0000  0.0000  0.0000  0.0000  0.0000  0.0000  0.0000  0.0000  0.0000  0.0000  0.0000  0.0000  0.0000  0.0000  0.0000  0.0000  0.0000  0.0000 
 0.0000  0.0000  0.0000  0.0000  0.0000  0.0000  0.0000 -0.0020 -0.0060 -0.0070 -0.0060 -0.0070 -0.0060  0.0310  0.0200  0.0190  0.0240  0.0190  0.0190  0.0150  0.0190  0.0160  0.0310  0.0180  0.0150  0.0250  0.0290  0.0280  0.0200  0.0280  0.0090  0.0240  0.0310 
 0.0000  0.0000  0.0000  0.0000  0.0000  0.0000  0.0000  0.0000  0.0000  0.0000  0.0000  0.0000  0.0000  0.0690  0.1360  0.1140  0.1210  0.1030  0.0930  0.0830  0.1060  0.0930  0.1600  0.1150  0.0960  0.1460  0.1550  0.1550  0.1130  0.1510  0.0690  0.1470  0.1710 
 0.0000  0.0000  0.0000  0.0000  0.0000  0.0000  0.0000  0.0000  0.0000  0.0000  0.0000  0.0000  0.0000  0.0720  0.1260  0.1540  0.1560  0.1370  0.1210  0.1020  0.1330  0.1180  0.2090  0.1530  0.1320  0.1970  0.2070  0.2070  0.1490  0.2040  0.0950  0.1960  0.2260 
 0.0000  0.0000  0.0000  0.0000  0.0000  0.0000  0.0000  0.0000  0.0000  0.0000  0.0000  0.0000  0.0000  0.0700  0.1230  0.1400  0.1230  0.1280  0.1170  0.0980  0.1320  0.1190  0.2160  0.1580  0.1350  0.2070  0.2200  0.2190  0.1560  0.2170  0.0990  0.2070  0.2390 
 0.0000  0.0000  0.0000  0.0000  0.0000  0.0000  0.0000  0.0000  0.0000  0.0000  0.0000  0.0000  0.0000  0.0810  0.1310  0.1570  0.1640  0.1520  0.1280  0.1070  0.1390  0.1250  0.2290  0.1650  0.1410  0.2130  0.2270  0.2290  0.1660  0.2260  0.1040  0.2140  0.2480 
 0.0000  0.0000  0.0000  0.0000  0.0000  0.0000  0.0000  0.0000  0.0000  0.0000  0.0000  0.0000  0.0000  0.0410  0.0720  0.0850  0.0890  0.0690 -0.0710  0.0300  0.0740  0.0800  0.1610  0.1190  0.1020  0.1610  0.1790  0.1840  0.1200  0.1770  0.0680  0.1600  0.1940 
 0.0000  0.0000  0.0000  0.0000  0.0000  0.0000  0.0000  0.0000  0.0000  0.0000  0.0000  0.0000  0.0000  0.0200  0.0380  0.0450  0.0440  0.0300  0.0120 -0.1950  0.0270  0.0550  0.1210  0.0930  0.0780  0.1350  0.1570  0.1620  0.0960  0.1510  0.0490  0.1310  0.1660 
 0.0000  0.0000  0.0000  0.0000  0.0000  0.0000  0.0000  0.0000  0.0000  0.0000  0.0000  0.0000  0.0000 -0.0060 -0.0130 -0.0170 -0.0290 -0.0320 -0.0360 -0.0580 -0.2920 -0.0010  0.0420  0.0350  0.0300  0.0710  0.0950  0.1020  0.0410  0.0930  0.0030  0.0670  0.0950 
 0.0000  0.0000  0.0000  0.0000  0.0000  0.0000  0.0000  0.0000  0.0000  0.0000  0.0000  0.0000  0.0000  0.0000  0.0000  0.0000  0.0000 -0.0030 -0.0050 -0.0100 -0.0170 -0.3790  0.0310  0.0220  0.0200  0.0470  0.0600  0.0670  0.0280  0.0570  0.0040  0.0430  0.0630 
 0.0000  0.0000  0.0000  0.0000  0.0000  0.0000  0.0000  0.0000  0.0000  0.0000  0.0000  0.0000  0.0000 -0.0010 -0.0050 -0.0070 -0.0180 -0.0210 -0.0230 -0.0310 -0.0130  0.0000 -0.0660  0.0170  0.0180  0.0540  0.0770  0.0880  0.0360  0.0840  0.0030  0.0540  0.0840 
 0.0000  0.0000  0.0000  0.0000  0.0000  0.0000  0.0000  0.0000  0.0000  0.0000  0.0000  0.0000  0.0000 -0.0100 -0.0090 -0.0130 -0.0190 -0.0210 -0.0170 -0.0160 -0.0070  0.0000 -0.0100 -0.1020 -0.0240 -0.0170 -0.0080  0.0090  0.0000  0.0230 -0.0070  0.0000  0.0030 
 0.0000  0.0000  0.0000  0.0000  0.0000  0.0000  0.0000  0.0000  0.0000  0.0000  0.0000  0.0000  0.0000 -0.0080 -0.0070 -0.0120 -0.0170 -0.0180 -0.0140 -0.0110 -0.0070  0.0000 -0.0060  0.0140 -0.1340 -0.0680 -0.0560 -0.0130 -0.0160  0.0000  0.0000 -0.0130 -0.0180 
 0.0000  0.0000  0.0000  0.0000  0.0000  0.0000  0.0000  0.0000  0.0000  0.0000  0.0000  0.0000  0.0000 -0.0110 -0.0140 -0.0180 -0.0230 -0.0200 -0.0210 -0.0180 -0.0070  0.0000  0.0000  0.0000 -0.0600 -0.1560 -0.2010 -0.0340 -0.0390  0.0000  0.0000 -0.0510 -0.0750 
 0.0000  0.0000  0.0000  0.0000  0.0000  0.0000  0.0000  0.0000  0.0000  0.0000  0.0000  0.0000  0.0000 -0.0030 -0.0070 -0.0070 -0.0080 -0.0090 -0.0080 -0.0050  0.0000  0.0000  0.0000  0.0000 -0.0090 -0.0270 -0.1210 -0.2010 -0.1160 -0.0190 -0.0100 -0.0870 -0.1210 
 0.0000  0.0000  0.0000  0.0000  0.0000  0.0000  0.0000  0.0000  0.0000  0.0000  0.0000  0.0000  0.0000 -0.0600 -0.0930 -0.1110 -0.1220 -0.1090 -0.0990 -0.0840 -0.0930 -0.0730 -0.1330 -0.0960 -0.0810 -0.0790  0.0100 -0.0080 -0.0360 -0.1410 -0.0480 -0.0580 -0.0560 
 0.0000  0.0000  0.0000  0.0000  0.0000  0.0000  0.0000  0.0000  0.0000  0.0000  0.0000  0.0000  0.0000 -0.0530 -0.0800 -0.0970 -0.1070 -0.0930 -0.0880 -0.0690 -0.0770 -0.0570 -0.1060 -0.0730 -0.0660 -0.0620  0.0180  0.0010 -0.0440 -0.1520 -0.0420 -0.0740 -0.0860 
 0.0000  0.0000  0.0000  0.0000  0.0000  0.0000  0.0000  0.0000  0.0000  0.0000  0.0000  0.0000  0.0000 -0.0590 -0.0890 -0.1060 -0.1200 -0.1080 -0.0990 -0.0870 -0.0880 -0.0600 -0.1010 -0.0680 -0.0610 -0.0630 -0.0030 -0.0360 -0.0940 -0.2170 -0.0950 -0.1630 -0.1810 
 0.0000  0.0000  0.0000  0.0000  0.0000  0.0000  0.0000  0.0000  0.0000  0.0000  0.0000  0.0000  0.0000 -0.0670 -0.0960 -0.1210 -0.1340 -0.1220 -0.1130 -0.1020 -0.1040 -0.0690 -0.1070 -0.0690 -0.0570 -0.0620 -0.0220 -0.0680 -0.1430 -0.2090 -0.1920 -0.2760 -0.2670 
 0.0000  0.0000  0.0000  0.0000  0.0000  0.0000  0.0000  0.0000  0.0000  0.0000  0.0000  0.0000  0.0000 -0.0570 -0.0930 -0.1090 -0.1210 -0.1130 -0.1050 -0.0970 -0.0970 -0.0610 -0.0930 -0.0560 -0.0430 -0.0440 -0.0120 -0.0590 -0.1530 -0.2090 -0.2590 -0.3240 -0.2830 
 0.0000  0.0000  0.0000  0.0000  0.0000  0.0000  0.0000  0.0000  0.0000  0.0000  0.0000  0.0000  0.0000 -0.0580 -0.0890 -0.1080 -0.1190 -0.1100 -0.1050 -0.0950 -0.0930 -0.0600 -0.0930 -0.0530 -0.0420 -0.0390 -0.0100 -0.0630 -0.1590 -0.2100 -0.2680 -0.3290 -0.2830 
