 1.0000  0.3840  0.1310  0.0660  0.0270  0.0000  0.0000  0.0000  0.0000  0.0000  0.0000  0.0000  0.0000  0.0000  0.0000  0.0000  0.0000  0.0000  0.0000  0.0000  0.0000  0.0000  0.0000  0.0000  0.0000  0.0000  0.0000  0.0000  0.0000  0.0000  0.0000  0.0000  0.0000 
 0.3840  1.0000  0.7460  0.5110  0.3700  0.1390  0.0840  0.0500  0.0500  0.0500  0.0500  0.0500  0.0500  0.0500  0.0500  0.0500  0.0000  0.0000  0.0000  0.0000  0.0000  0.0000  0.0000  0.0000  0.0000  0.0000  0.0000  0.0000  0.0000  0.0000  0.0000  0.0000  0.0000 
 0.1310  0.7460  1.0000  0.6940  0.5120  0.1980  0.1190  0.0710  0.0710  0.0710  0.0710  0.0710  0.0710  0.0710  0.0710  0.0710  0.0000  0.0000  0.0000  0.0000  0.0000  0.0000  0.0000  0.0000  0.0000  0.0000  0.0000  0.0000  0.0000  0.0000  0.0000  0.0000  0.0000 
 0.0660  0.5110  0.6940  1.0000  0.8160  0.4520  0.2160  0.0740  0.0740  0.0740  0.0740  0.0740  0.0740  0.0740  0.0740  0.0740  0.0000  0.0000  0.0000  0.0000  0.0000  0.0000  0.0000  0.0000  0.0000  0.0000  0.0000  0.0000  0.0000  0.0000  0.0000  0.0000  0.0000 
 0.0270  0.3700  0.5120  0.8160  1.0000  0.6050  0.2750  0.0760  0.0760  0.0760  0.0760  0.0760  0.0760  0.0760  0.0760  0.0760  0.0000  0.0000  0.0000  0.0000  0.0000  0.0000  0.0000  0.0000  0.0000  0.0000  0.0000  0.0000  0.0000  0.0000  0.0000  0.0000  0.0000 
 0.0000  0.1390  0.1980  0.4520  0.6050  1.0000  0.8860  0.8180  0.8180  0.8180  0.8180  0.8180  0.8180  0.8180  0.8180  0.8180  0.0000  0.0000  0.0000  0.0000  0.0000  0.0000  0.0000  0.0000  0.0000  0.0000  0.0000  0.0000  0.0000  0.0000  0.0000  0.0000  0.0000 
 0.0000  0.0840  0.1190  0.2160  0.2750  0.8860  1.0000  0.9310  0.9310  0.9310  0.9310  0.9310  0.9310  0.9310  0.9310  0.9310  0.0000  0.0000  0.0000  0.0000  0.0000  0.0000  0.0000  0.0000  0.0000  0.0000  0.0000  0.0000  0.0000  0.0000  0.0000  0.0000  0.0000 
 0.0000  0.0500  0.0710  0.0740  0.0760  0.8180  0.9310  1.0000  0.9990  0.9990  0.9990  0.9990  0.9990  0.9990  0.9990  0.9990  0.0000  0.0000  0.0000  0.0000  0.0000  0.0000  0.0000  0.0000  0.0000  0.0000  0.0000  0.0000  0.0000  0.0000  0.0000  0.0000  0.0000 
 0.0000  0.0500  0.0710  0.0740  0.0760  0.8180  0.9310  0.9990  1.0000  0.9990  0.9990  0.9990  0.9990  0.9990  0.9990  0.9990  0.0000  0.0000  0.0000  0.0000  0.0000  0.0000  0.0000  0.0000  0.0000  0.0000  0.0000  0.0000  0.0000  0.0000  0.0000  0.0000  0.0000 
 0.0000  0.0500  0.0710  0.0740  0.0760  0.8180  0.9310  0.9990  0.9990  1.0000  0.9990  0.9990  0.9990  0.9990  0.9990  0.9990  0.0000  0.0000  0.0000  0.0000  0.0000  0.0000  0.0000  0.0000  0.0000  0.0000  0.0000  0.0000  0.0000  0.0000  0.0000  0.0000  0.0000 
 0.0000  0.0500  0.0710  0.0740  0.0760  0.8180  0.9310  0.9990  0.9990  0.9990  1.0000  0.9990  0.9990  0.9990  0.9990  0.9990  0.0000  0.0000  0.0000  0.0000  0.0000  0.0000  0.0000  0.0000  0.0000  0.0000  0.0000  0.0000  0.0000  0.0000  0.0000  0.0000  0.0000 
 0.0000  0.0500  0.0710  0.0740  0.0760  0.8180  0.9310  0.9990  0.9990  0.9990  0.9990  1.0000  0.9990  0.9990  0.9990  0.9990  0.0000  0.0000  0.0000  0.0000  0.0000  0.0000  0.0000  0.0000  0.0000  0.0000  0.0000  0.0000  0.0000  0.0000  0.0000  0.0000  0.0000 
 0.0000  0.0500  0.0710  0.0740  0.0760  0.8180  0.9310  0.9990  0.9990  0.9990  0.9990  0.9990  1.0000  0.9990  0.9990  0.9990  0.0000  0.0000  0.0000  0.0000  0.0000  0.0000  0.0000  0.0000  0.0000  0.0000  0.0000  0.0000  0.0000  0.0000  0.0000  0.0000  0.0000 
 0.0000  0.0500  0.0710  0.0740  0.0760  0.8180  0.9310  0.9990  0.9990  0.9990  0.9990  0.9990  0.9990  1.0000  0.9990  0.9990  0.0000  0.0000  0.0000  0.0000  0.0000  0.0000  0.0000  0.0000  0.0000  0.0000  0.0000  0.0000  0.0000  0.0000  0.0000  0.0000  0.0000 
 0.0000  0.0500  0.0710  0.0740  0.0760  0.8180  0.9310  0.9990  0.9990  0.9990  0.9990  0.9990  0.9990  0.9990  1.0000  0.9990  0.0000  0.0000  0.0000  0.0000  0.0000  0.0000  0.0000  0.0000  0.0000  0.0000  0.0000  0.0000  0.0000  0.0000  0.0000  0.0000  0.0000 
 0.0000  0.0500  0.0710  0.0740  0.0760  0.8180  0.9310  0.9990  0.9990  0.9990  0.9990  0.9990  0.9990  0.9990  0.9990  1.0000  0.0000  0.0000  0.0000  0.0000  0.0000  0.0000  0.0000  0.0000  0.0000  0.0000  0.0000  0.0000  0.0000  0.0000  0.0000  0.0000  0.0000 
 0.0000  0.0000  0.0000  0.0000  0.0000  0.0000  0.0000  0.0000  0.0000  0.0000  0.0000  0.0000  0.0000  0.0000  0.0000  0.0000  1.0000  0.9990  0.9990  0.9990  0.9990  0.9990  0.9990  0.9990  0.9990  0.9990  0.9990  0.9990  0.9990  0.9990  0.9990  0.0000  0.0000 
 0.0000  0.0000  0.0000  0.0000  0.0000  0.0000  0.0000  0.0000  0.0000  0.0000  0.0000  0.0000  0.0000  0.0000  0.0000  0.0000  0.9990  1.0000  0.9990  0.9990  0.9990  0.9990  0.9990  0.9990  0.9990  0.9990  0.9990  0.9990  0.9990  0.9990  0.9990  0.0000  0.0000 
 0.0000  0.0000  0.0000  0.0000  0.0000  0.0000  0.0000  0.0000  0.0000  0.0000  0.0000  0.0000  0.0000  0.0000  0.0000  0.0000  0.9990  0.9990  1.0000  0.9990  0.9990  0.9990  0.9990  0.9990  0.9990  0.9990  0.9990  0.9990  0.9990  0.9990  0.9990  0.0000  0.0000 
 0.0000  0.0000  0.0000  0.0000  0.0000  0.0000  0.0000  0.0000  0.0000  0.0000  0.0000  0.0000  0.0000  0.0000  0.0000  0.0000  0.9990  0.9990  0.9990  1.0000  0.9990  0.9990  0.9990  0.9990  0.9990  0.9990  0.9990  0.9990  0.9990  0.9990  0.9990  0.0000  0.0000 
 0.0000  0.0000  0.0000  0.0000  0.0000  0.0000  0.0000  0.0000  0.0000  0.0000  0.0000  0.0000  0.0000  0.0000  0.0000  0.0000  0.9990  0.9990  0.9990  0.9990  1.0000  0.9990  0.9990  0.9990  0.9990  0.9990  0.9990  0.9990  0.9990  0.9990  0.9990  0.0000  0.0000 
 0.0000  0.0000  0.0000  0.0000  0.0000  0.0000  0.0000  0.0000  0.0000  0.0000  0.0000  0.0000  0.0000  0.0000  0.0000  0.0000  0.9990  0.9990  0.9990  0.9990  0.9990  1.0000  0.9990  0.9990  0.9990  0.9990  0.9990  0.9990  0.9990  0.9990  0.9990  0.0000  0.0000 
 0.0000  0.0000  0.0000  0.0000  0.0000  0.0000  0.0000  0.0000  0.0000  0.0000  0.0000  0.0000  0.0000  0.0000  0.0000  0.0000  0.9990  0.9990  0.9990  0.9990  0.9990  0.9990  1.0000  0.9990  0.9990  0.9990  0.9990  0.9990  0.9990  0.9990  0.9990  0.0000  0.0000 
 0.0000  0.0000  0.0000  0.0000  0.0000  0.0000  0.0000  0.0000  0.0000  0.0000  0.0000  0.0000  0.0000  0.0000  0.0000  0.0000  0.9990  0.9990  0.9990  0.9990  0.9990  0.9990  0.9990  1.0000  0.9990  0.9990  0.9990  0.9990  0.9990  0.9990  0.9990  0.0000  0.0000 
 0.0000  0.0000  0.0000  0.0000  0.0000  0.0000  0.0000  0.0000  0.0000  0.0000  0.0000  0.0000  0.0000  0.0000  0.0000  0.0000  0.9990  0.9990  0.9990  0.9990  0.9990  0.9990  0.9990  0.9990  1.0000  0.9990  0.9990  0.9990  0.9990  0.9990  0.9990  0.0000  0.0000 
 0.0000  0.0000  0.0000  0.0000  0.0000  0.0000  0.0000  0.0000  0.0000  0.0000  0.0000  0.0000  0.0000  0.0000  0.0000  0.0000  0.9990  0.9990  0.9990  0.9990  0.9990  0.9990  0.9990  0.9990  0.9990  1.0000  0.9990  0.9990  0.9990  0.9990  0.9990  0.0000  0.0000 
 0.0000  0.0000  0.0000  0.0000  0.0000  0.0000  0.0000  0.0000  0.0000  0.0000  0.0000  0.0000  0.0000  0.0000  0.0000  0.0000  0.9990  0.9990  0.9990  0.9990  0.9990  0.9990  0.9990  0.9990  0.9990  0.9990  1.0000  0.9990  0.9990  0.9990  0.9990  0.0000  0.0000 
 0.0000  0.0000  0.0000  0.0000  0.0000  0.0000  0.0000  0.0000  0.0000  0.0000  0.0000  0.0000  0.0000  0.0000  0.0000  0.0000  0.9990  0.9990  0.9990  0.9990  0.9990  0.9990  0.9990  0.9990  0.9990  0.9990  0.9990  1.0000  0.9990  0.9990  0.9990  0.0000  0.0000 
 0.0000  0.0000  0.0000  0.0000  0.0000  0.0000  0.0000  0.0000  0.0000  0.0000  0.0000  0.0000  0.0000  0.0000  0.0000  0.0000  0.9990  0.9990  0.9990  0.9990  0.9990  0.9990  0.9990  0.9990  0.9990  0.9990  0.9990  0.9990  1.0000  0.9990  0.9990  0.0000  0.0000 
 0.0000  0.0000  0.0000  0.0000  0.0000  0.0000  0.0000  0.0000  0.0000  0.0000  0.0000  0.0000  0.0000  0.0000  0.0000  0.0000  0.9990  0.9990  0.9990  0.9990  0.9990  0.9990  0.9990  0.9990  0.9990  0.9990  0.9990  0.9990  0.9990  1.0000  0.9990  0.0000  0.0000 
 0.0000  0.0000  0.0000  0.0000  0.0000  0.0000  0.0000  0.0000  0.0000  0.0000  0.0000  0.0000  0.0000  0.0000  0.0000  0.0000  0.9990  0.9990  0.9990  0.9990  0.9990  0.9990  0.9990  0.9990  0.9990  0.9990  0.9990  0.9990  0.9990  0.9990  1.0000  0.0000  0.0000 
 0.0000  0.0000  0.0000  0.0000  0.0000  0.0000  0.0000  0.0000  0.0000  0.0000  0.0000  0.0000  0.0000  0.0000  0.0000  0.0000  0.0000  0.0000  0.0000  0.0000  0.0000  0.0000  0.0000  0.0000  0.0000  0.0000  0.0000  0.0000  0.0000  0.0000  0.0000  1.0000  0.9990 
 0.0000  0.0000  0.0000  0.0000  0.0000  0.0000  0.0000  0.0000  0.0000  0.0000  0.0000  0.0000  0.0000  0.0000  0.0000  0.0000  0.0000  0.0000  0.0000  0.0000  0.0000  0.0000  0.0000  0.0000  0.0000  0.0000  0.0000  0.0000  0.0000  0.0000  0.0000  0.9990  1.0000 
