 1.0000  0.3450  0.3260  0.2970  0.0430 -0.3850 -0.4920 -0.5030 -0.4010 -0.0570  0.3050  0.5200  0.6380  0.6380  0.6320  0.5950  0.5520  0.5380  0.5380  0.5480  0.5510  0.0000  0.0000  0.0000  0.0000  0.0000  0.0000  0.0000  0.0000  0.0000  0.0000  0.0000  0.0000 
 0.3450  1.0000  0.9090  0.5870  0.0770 -0.1840 -0.2100 -0.1710 -0.0880  0.0900  0.2290  0.2840  0.2980  0.2980  0.2980  0.2910  0.2730  0.2610  0.2610  0.2600  0.2540  0.0000  0.0000  0.0000  0.0000  0.0000  0.0000  0.0000  0.0000  0.0000  0.0000  0.0000  0.0000 
 0.3260  0.9090  1.0000  0.8440  0.4280  0.0880  0.0170  0.0080  0.0560  0.1870  0.3180  0.3660  0.3760  0.3760  0.3780  0.3690  0.3550  0.3490  0.3490  0.3470  0.3440  0.0000  0.0000  0.0000  0.0000  0.0000  0.0000  0.0000  0.0000  0.0000  0.0000  0.0000  0.0000 
 0.2970  0.5870  0.8440  1.0000  0.8200  0.4640  0.3390  0.2850  0.2950  0.3460  0.4280  0.4450  0.4410  0.4410  0.4380  0.4310  0.4270  0.4240  0.4240  0.4230  0.4210  0.0000  0.0000  0.0000  0.0000  0.0000  0.0000  0.0000  0.0000  0.0000  0.0000  0.0000  0.0000 
 0.0430  0.0770  0.4280  0.8200  1.0000  0.8120  0.6950  0.6190  0.5740  0.4550  0.3720  0.3000  0.2460  0.2460  0.2450  0.2530  0.2680  0.2710  0.2710  0.2720  0.2660  0.0000  0.0000  0.0000  0.0000  0.0000  0.0000  0.0000  0.0000  0.0000  0.0000  0.0000  0.0000 
-0.3850 -0.1840  0.0880  0.4640  0.8120  1.0000  0.9710  0.9180  0.8080  0.4740  0.1370 -0.0700 -0.2100 -0.2100 -0.2050 -0.1730 -0.1290 -0.1130 -0.1130 -0.1220 -0.1320  0.0000  0.0000  0.0000  0.0000  0.0000  0.0000  0.0000  0.0000  0.0000  0.0000  0.0000  0.0000 
-0.4920 -0.2100  0.0170  0.3390  0.6950  0.9710  1.0000  0.9640  0.8620  0.5000  0.1040 -0.1480 -0.3170 -0.3170 -0.3090 -0.2660 -0.2160 -0.1960 -0.1960 -0.2150 -0.2220  0.0000  0.0000  0.0000  0.0000  0.0000  0.0000  0.0000  0.0000  0.0000  0.0000  0.0000  0.0000 
-0.5030 -0.1710  0.0080  0.2850  0.6190  0.9180  0.9640  1.0000  0.9460  0.6540  0.2490 -0.0330 -0.2380 -0.2380 -0.2290 -0.1750 -0.1230 -0.1050 -0.1050 -0.1270 -0.1460  0.0000  0.0000  0.0000  0.0000  0.0000  0.0000  0.0000  0.0000  0.0000  0.0000  0.0000  0.0000 
-0.4010 -0.0880  0.0560  0.2950  0.5740  0.8080  0.8620  0.9460  1.0000  0.8330  0.4850  0.1910 -0.0300 -0.0300 -0.0200  0.0350  0.0800  0.0960  0.0960  0.0650  0.0370  0.0000  0.0000  0.0000  0.0000  0.0000  0.0000  0.0000  0.0000  0.0000  0.0000  0.0000  0.0000 
-0.0570  0.0900  0.1870  0.3460  0.4550  0.4740  0.5000  0.6540  0.8330  1.0000  0.8600  0.6510  0.4470  0.4470  0.4540  0.5110  0.5400  0.5450  0.5450  0.5130  0.4760  0.0000  0.0000  0.0000  0.0000  0.0000  0.0000  0.0000  0.0000  0.0000  0.0000  0.0000  0.0000 
 0.3050  0.2290  0.3180  0.4280  0.3720  0.1370  0.1040  0.2490  0.4850  0.8600  1.0000  0.9310  0.8160  0.8160  0.8230  0.8510  0.8560  0.8540  0.8540  0.8310  0.7960  0.0000  0.0000  0.0000  0.0000  0.0000  0.0000  0.0000  0.0000  0.0000  0.0000  0.0000  0.0000 
 0.5200  0.2840  0.3660  0.4450  0.3000 -0.0700 -0.1480 -0.0330  0.1910  0.6510  0.9310  1.0000  0.9530  0.9530  0.9570  0.9680  0.9590  0.9540  0.9540  0.9420  0.9150  0.0000  0.0000  0.0000  0.0000  0.0000  0.0000  0.0000  0.0000  0.0000  0.0000  0.0000  0.0000 
 0.6380  0.2980  0.3760  0.4410  0.2460 -0.2100 -0.3170 -0.2380 -0.0300  0.4470  0.8160  0.9530  1.0000  0.9990  0.9880  0.9850  0.9660  0.9580  0.9580  0.9580  0.9420  0.0000  0.0000  0.0000  0.0000  0.0000  0.0000  0.0000  0.0000  0.0000  0.0000  0.0000  0.0000 
 0.6380  0.2980  0.3760  0.4410  0.2460 -0.2100 -0.3170 -0.2380 -0.0300  0.4470  0.8160  0.9530  0.9990  1.0000  0.9880  0.9850  0.9660  0.9580  0.9580  0.9580  0.9420  0.0000  0.0000  0.0000  0.0000  0.0000  0.0000  0.0000  0.0000  0.0000  0.0000  0.0000  0.0000 
 0.6320  0.2980  0.3780  0.4380  0.2450 -0.2050 -0.3090 -0.2290 -0.0200  0.4540  0.8230  0.9570  0.9880  0.9880  1.0000  0.9840  0.9710  0.9630  0.9630  0.9630  0.9430  0.0000  0.0000  0.0000  0.0000  0.0000  0.0000  0.0000  0.0000  0.0000  0.0000  0.0000  0.0000 
 0.5950  0.2910  0.3690  0.4310  0.2530 -0.1730 -0.2660 -0.1750  0.0350  0.5110  0.8510  0.9680  0.9850  0.9850  0.9840  1.0000  0.9860  0.9780  0.9780  0.9740  0.9560  0.0000  0.0000  0.0000  0.0000  0.0000  0.0000  0.0000  0.0000  0.0000  0.0000  0.0000  0.0000 
 0.5520  0.2730  0.3550  0.4270  0.2680 -0.1290 -0.2160 -0.1230  0.0800  0.5400  0.8560  0.9590  0.9660  0.9660  0.9710  0.9860  1.0000  0.9870  0.9870  0.9840  0.9680  0.0000  0.0000  0.0000  0.0000  0.0000  0.0000  0.0000  0.0000  0.0000  0.0000  0.0000  0.0000 
 0.5380  0.2610  0.3490  0.4240  0.2710 -0.1130 -0.1960 -0.1050  0.0960  0.5450  0.8540  0.9540  0.9580  0.9580  0.9630  0.9780  0.9870  1.0000  0.9990  0.9890  0.9660  0.0000  0.0000  0.0000  0.0000  0.0000  0.0000  0.0000  0.0000  0.0000  0.0000  0.0000  0.0000 
 0.5380  0.2610  0.3490  0.4240  0.2710 -0.1130 -0.1960 -0.1050  0.0960  0.5450  0.8540  0.9540  0.9580  0.9580  0.9630  0.9780  0.9870  0.9990  1.0000  0.9890  0.9660  0.0000  0.0000  0.0000  0.0000  0.0000  0.0000  0.0000  0.0000  0.0000  0.0000  0.0000  0.0000 
 0.5480  0.2600  0.3470  0.4230  0.2720 -0.1220 -0.2150 -0.1270  0.0650  0.5130  0.8310  0.9420  0.9580  0.9580  0.9630  0.9740  0.9840  0.9890  0.9890  1.0000  0.9690  0.0000  0.0000  0.0000  0.0000  0.0000  0.0000  0.0000  0.0000  0.0000  0.0000  0.0000  0.0000 
 0.5510  0.2540  0.3440  0.4210  0.2660 -0.1320 -0.2220 -0.1460  0.0370  0.4760  0.7960  0.9150  0.9420  0.9420  0.9430  0.9560  0.9680  0.9660  0.9660  0.9690  1.0000  0.1660  0.1660  0.1660  0.1660  0.1660  0.1660  0.1660  0.1660  0.1660  0.1660  0.1660  0.1660 
 0.0000  0.0000  0.0000  0.0000  0.0000  0.0000  0.0000  0.0000  0.0000  0.0000  0.0000  0.0000  0.0000  0.0000  0.0000  0.0000  0.0000  0.0000  0.0000  0.0000  0.1660  1.0000  0.9990  0.9990  0.9990  0.9990  0.9990  0.9990  0.9990  0.9990  0.9990  0.9990  0.9990 
 0.0000  0.0000  0.0000  0.0000  0.0000  0.0000  0.0000  0.0000  0.0000  0.0000  0.0000  0.0000  0.0000  0.0000  0.0000  0.0000  0.0000  0.0000  0.0000  0.0000  0.1660  0.9990  1.0000  0.9990  0.9990  0.9990  0.9990  0.9990  0.9990  0.9990  0.9990  0.9990  0.9990 
 0.0000  0.0000  0.0000  0.0000  0.0000  0.0000  0.0000  0.0000  0.0000  0.0000  0.0000  0.0000  0.0000  0.0000  0.0000  0.0000  0.0000  0.0000  0.0000  0.0000  0.1660  0.9990  0.9990  1.0000  0.9990  0.9990  0.9990  0.9990  0.9990  0.9990  0.9990  0.9990  0.9990 
 0.0000  0.0000  0.0000  0.0000  0.0000  0.0000  0.0000  0.0000  0.0000  0.0000  0.0000  0.0000  0.0000  0.0000  0.0000  0.0000  0.0000  0.0000  0.0000  0.0000  0.1660  0.9990  0.9990  0.9990  1.0000  0.9990  0.9990  0.9990  0.9990  0.9990  0.9990  0.9990  0.9990 
 0.0000  0.0000  0.0000  0.0000  0.0000  0.0000  0.0000  0.0000  0.0000  0.0000  0.0000  0.0000  0.0000  0.0000  0.0000  0.0000  0.0000  0.0000  0.0000  0.0000  0.1660  0.9990  0.9990  0.9990  0.9990  1.0000  0.9990  0.9990  0.9990  0.9990  0.9990  0.9990  0.9990 
 0.0000  0.0000  0.0000  0.0000  0.0000  0.0000  0.0000  0.0000  0.0000  0.0000  0.0000  0.0000  0.0000  0.0000  0.0000  0.0000  0.0000  0.0000  0.0000  0.0000  0.1660  0.9990  0.9990  0.9990  0.9990  0.9990  1.0000  0.9990  0.9990  0.9990  0.9990  0.9990  0.9990 
 0.0000  0.0000  0.0000  0.0000  0.0000  0.0000  0.0000  0.0000  0.0000  0.0000  0.0000  0.0000  0.0000  0.0000  0.0000  0.0000  0.0000  0.0000  0.0000  0.0000  0.1660  0.9990  0.9990  0.9990  0.9990  0.9990  0.9990  1.0000  0.9990  0.9990  0.9990  0.9990  0.9990 
 0.0000  0.0000  0.0000  0.0000  0.0000  0.0000  0.0000  0.0000  0.0000  0.0000  0.0000  0.0000  0.0000  0.0000  0.0000  0.0000  0.0000  0.0000  0.0000  0.0000  0.1660  0.9990  0.9990  0.9990  0.9990  0.9990  0.9990  0.9990  1.0000  0.9990  0.9990  0.9990  0.9990 
 0.0000  0.0000  0.0000  0.0000  0.0000  0.0000  0.0000  0.0000  0.0000  0.0000  0.0000  0.0000  0.0000  0.0000  0.0000  0.0000  0.0000  0.0000  0.0000  0.0000  0.1660  0.9990  0.9990  0.9990  0.9990  0.9990  0.9990  0.9990  0.9990  1.0000  0.9990  0.9990  0.9990 
 0.0000  0.0000  0.0000  0.0000  0.0000  0.0000  0.0000  0.0000  0.0000  0.0000  0.0000  0.0000  0.0000  0.0000  0.0000  0.0000  0.0000  0.0000  0.0000  0.0000  0.1660  0.9990  0.9990  0.9990  0.9990  0.9990  0.9990  0.9990  0.9990  0.9990  1.0000  0.9990  0.9990 
 0.0000  0.0000  0.0000  0.0000  0.0000  0.0000  0.0000  0.0000  0.0000  0.0000  0.0000  0.0000  0.0000  0.0000  0.0000  0.0000  0.0000  0.0000  0.0000  0.0000  0.1660  0.9990  0.9990  0.9990  0.9990  0.9990  0.9990  0.9990  0.9990  0.9990  0.9990  1.0000  0.9990 
 0.0000  0.0000  0.0000  0.0000  0.0000  0.0000  0.0000  0.0000  0.0000  0.0000  0.0000  0.0000  0.0000  0.0000  0.0000  0.0000  0.0000  0.0000  0.0000  0.0000  0.1660  0.9990  0.9990  0.9990  0.9990  0.9990  0.9990  0.9990  0.9990  0.9990  0.9990  0.9990  1.0000 
