 0.0000  0.0000  0.0000  0.0000  0.0000  0.0000  0.0000  0.0000  0.0000  0.0000  0.0000  0.0000  0.0000  0.0000  0.0000  0.0000  0.0000  0.0000  0.0000  0.0000  0.0000  0.0000  0.0000  0.0000  0.0000  0.0000  0.0000  0.0000  0.0000  0.0000  0.0000  0.0000  0.0000 
 0.0000  0.0000  0.0000  0.0000  0.0000  0.0000  0.0000  0.0000  0.0000  0.0000  0.0000  0.0000  0.0000  0.0000  0.0000  0.0000  0.0000  0.0000  0.0000  0.0000  0.0000  0.0000  0.0000  0.0000  0.0000  0.0000  0.0000  0.0000  0.0000  0.0000  0.0000  0.0000  0.0000 
 0.0000 -0.0120 -0.0140 -0.0120  0.0000  0.0000  0.0000  0.0000  0.0000  0.0000  0.0000  0.0000  0.0000  0.0000  0.0000  0.0000  0.0000 -0.0010 -0.0010  0.0000  0.0000  0.0000  0.0000  0.0000  0.0000  0.0000  0.0000  0.0000  0.0000  0.0000  0.0000  0.0000  0.0000 
-0.0110 -0.0350 -0.0510 -0.0590 -0.0470 -0.0240 -0.0150 -0.0150 -0.0130 -0.0190 -0.0200 -0.0210 -0.0250 -0.0250 -0.0230 -0.0210 -0.0200 -0.0190 -0.0190 -0.0210 -0.0220  0.0000  0.0000  0.0000  0.0000  0.0000  0.0000  0.0000  0.0000  0.0000  0.0000  0.0000  0.0000 
 0.0000 -0.0030 -0.0410 -0.0830 -0.1020 -0.0840 -0.0700 -0.0650 -0.0560 -0.0440 -0.0330 -0.0290 -0.0220 -0.0220 -0.0200 -0.0220 -0.0240 -0.0230 -0.0230 -0.0230 -0.0240  0.0000  0.0000  0.0000  0.0000  0.0000  0.0000  0.0000  0.0000  0.0000  0.0000  0.0000  0.0000 
 0.0400  0.0210 -0.0080 -0.0550 -0.1000 -0.1210 -0.1180 -0.1110 -0.0980 -0.0550 -0.0150  0.0040  0.0220  0.0220  0.0200  0.0170  0.0090  0.0080  0.0080  0.0090  0.0100  0.0000  0.0000  0.0000  0.0000  0.0000  0.0000  0.0000  0.0000  0.0000  0.0000  0.0000  0.0000 
 0.0470  0.0200  0.0000 -0.0350 -0.0750 -0.1060 -0.1070 -0.1060 -0.0940 -0.0550 -0.0060  0.0140  0.0270  0.0270  0.0300  0.0240  0.0180  0.0170  0.0170  0.0170  0.0170  0.0000  0.0000  0.0000  0.0000  0.0000  0.0000  0.0000  0.0000  0.0000  0.0000  0.0000  0.0000 
 0.0420  0.0120  0.0000 -0.0210 -0.0510 -0.0810 -0.0880 -0.0890 -0.0850 -0.0570 -0.0210  0.0000  0.0160  0.0160  0.0130  0.0110  0.0040  0.0020  0.0020  0.0040  0.0040  0.0000  0.0000  0.0000  0.0000  0.0000  0.0000  0.0000  0.0000  0.0000  0.0000  0.0000  0.0000 
 0.0140  0.0000  0.0000 -0.0060 -0.0200 -0.0330 -0.0350 -0.0400 -0.0410 -0.0330 -0.0180 -0.0050  0.0000  0.0000  0.0000  0.0000  0.0000  0.0000  0.0000  0.0000  0.0000  0.0000  0.0000  0.0000  0.0000  0.0000  0.0000  0.0000  0.0000  0.0000  0.0000  0.0000  0.0000 
 0.0000  0.0000  0.0000  0.0000 -0.0020 -0.0060 -0.0050 -0.0090 -0.0120 -0.0150 -0.0140 -0.0100 -0.0060 -0.0060 -0.0050 -0.0050 -0.0050 -0.0060 -0.0060 -0.0030 -0.0030  0.0000  0.0000  0.0000  0.0000  0.0000  0.0000  0.0000  0.0000  0.0000  0.0000  0.0000  0.0000 
-0.0010  0.0000  0.0000 -0.0020 -0.0010  0.0000  0.0000 -0.0010 -0.0040 -0.0140 -0.0160 -0.0170 -0.0130 -0.0130 -0.0140 -0.0140 -0.0150 -0.0140 -0.0140 -0.0130 -0.0140  0.0000  0.0000  0.0000  0.0000  0.0000  0.0000  0.0000  0.0000  0.0000  0.0000  0.0000  0.0000 
-0.0100 -0.0010 -0.0010 -0.0060 -0.0030  0.0000  0.0010  0.0000 -0.0010 -0.0140 -0.0190 -0.0250 -0.0230 -0.0230 -0.0220 -0.0250 -0.0240 -0.0240 -0.0240 -0.0230 -0.0230  0.0000  0.0000  0.0000  0.0000  0.0000  0.0000  0.0000  0.0000  0.0000  0.0000  0.0000  0.0000 
-0.0170 -0.0050 -0.0070 -0.0100 -0.0030  0.0010  0.0050  0.0040  0.0000 -0.0130 -0.0250 -0.0310 -0.0310 -0.0310 -0.0320 -0.0320 -0.0310 -0.0320 -0.0320 -0.0320 -0.0320  0.0000  0.0000  0.0000  0.0000  0.0000  0.0000  0.0000  0.0000  0.0000  0.0000  0.0000  0.0000 
-0.0190 -0.0060 -0.0090 -0.0110 -0.0050  0.0010  0.0060  0.0050  0.0000 -0.0150 -0.0280 -0.0330 -0.0340 -0.0340 -0.0340 -0.0360 -0.0360 -0.0340 -0.0340 -0.0340 -0.0340  0.0000  0.0000  0.0000  0.0000  0.0000  0.0000  0.0000  0.0000  0.0000  0.0000  0.0000  0.0000 
-0.0240 -0.0090 -0.0110 -0.0160 -0.0060  0.0050  0.0090  0.0050  0.0000 -0.0190 -0.0330 -0.0390 -0.0420 -0.0420 -0.0410 -0.0410 -0.0420 -0.0410 -0.0410 -0.0390 -0.0410  0.0000  0.0000  0.0000  0.0000  0.0000  0.0000  0.0000  0.0000  0.0000  0.0000  0.0000  0.0000 
-0.0230 -0.0100 -0.0110 -0.0170 -0.0060  0.0020  0.0080  0.0040  0.0000 -0.0210 -0.0380 -0.0460 -0.0470 -0.0470 -0.0460 -0.0460 -0.0450 -0.0450 -0.0450 -0.0430 -0.0460  0.0000  0.0000  0.0000  0.0000  0.0000  0.0000  0.0000  0.0000  0.0000  0.0000  0.0000  0.0000 
-0.0270 -0.0090 -0.0140 -0.0190 -0.0110  0.0020  0.0080  0.0010 -0.0010 -0.0270 -0.0420 -0.0530 -0.0510 -0.0510 -0.0510 -0.0540 -0.0550 -0.0540 -0.0540 -0.0530 -0.0520  0.0000  0.0000  0.0000  0.0000  0.0000  0.0000  0.0000  0.0000  0.0000  0.0000  0.0000  0.0000 
-0.0340 -0.0100 -0.0160 -0.0250 -0.0150  0.0010  0.0100  0.0020 -0.0010 -0.0310 -0.0530 -0.0630 -0.0630 -0.0630 -0.0630 -0.0640 -0.0670 -0.0650 -0.0650 -0.0660 -0.0650  0.0000  0.0000  0.0000  0.0000  0.0000  0.0000  0.0000  0.0000  0.0000  0.0000  0.0000  0.0000 
-0.0440 -0.0160 -0.0250 -0.0330 -0.0200  0.0040  0.0130  0.0050 -0.0040 -0.0430 -0.0700 -0.0820 -0.0820 -0.0820 -0.0790 -0.0850 -0.0850 -0.0860 -0.0860 -0.0850 -0.0840  0.0000  0.0000  0.0000  0.0000  0.0000  0.0000  0.0000  0.0000  0.0000  0.0000  0.0000  0.0000 
-0.0580 -0.0240 -0.0320 -0.0430 -0.0250  0.0070  0.0180  0.0100 -0.0030 -0.0530 -0.0890 -0.1030 -0.1060 -0.1060 -0.1040 -0.1080 -0.1100 -0.1090 -0.1090 -0.1080 -0.1100  0.0000  0.0000  0.0000  0.0000  0.0000  0.0000  0.0000  0.0000  0.0000  0.0000  0.0000  0.0000 
-0.0730 -0.0290 -0.0420 -0.0520 -0.0330  0.0140  0.0260  0.0150 -0.0010 -0.0610 -0.1060 -0.1220 -0.1270 -0.1270 -0.1260 -0.1300 -0.1330 -0.1310 -0.1310 -0.1320 -0.1340 -0.0170 -0.0170 -0.0170 -0.0170 -0.0170 -0.0170 -0.0170 -0.0170 -0.0170 -0.0170 -0.0170 -0.0170 
 0.0000  0.0000  0.0000  0.0000  0.0000  0.0000  0.0000  0.0000  0.0000  0.0000  0.0000  0.0000  0.0000  0.0000  0.0000  0.0000  0.0000  0.0000  0.0000  0.0000 -0.0160 -0.1130 -0.1130 -0.1130 -0.1130 -0.1130 -0.1130 -0.1130 -0.1130 -0.1130 -0.1130 -0.1130 -0.1130 
 0.0000  0.0000  0.0000  0.0000  0.0000  0.0000  0.0000  0.0000  0.0000  0.0000  0.0000  0.0000  0.0000  0.0000  0.0000  0.0000  0.0000  0.0000  0.0000  0.0000 -0.0270 -0.1770 -0.1770 -0.1770 -0.1770 -0.1770 -0.1770 -0.1770 -0.1770 -0.1770 -0.1770 -0.1770 -0.1770 
 0.0000  0.0000  0.0000  0.0000  0.0000  0.0000  0.0000  0.0000  0.0000  0.0000  0.0000  0.0000  0.0000  0.0000  0.0000  0.0000  0.0000  0.0000  0.0000  0.0000 -0.0420 -0.2680 -0.2680 -0.2680 -0.2680 -0.2680 -0.2680 -0.2680 -0.2680 -0.2680 -0.2680 -0.2680 -0.2680 
 0.0000  0.0000  0.0000  0.0000  0.0000  0.0000  0.0000  0.0000  0.0000  0.0000  0.0000  0.0000  0.0000  0.0000  0.0000  0.0000  0.0000  0.0000  0.0000  0.0000 -0.0480 -0.2930 -0.2930 -0.2930 -0.2930 -0.2930 -0.2930 -0.2930 -0.2930 -0.2930 -0.2930 -0.2930 -0.2930 
 0.0000  0.0000  0.0000  0.0000  0.0000  0.0000  0.0000  0.0000  0.0000  0.0000  0.0000  0.0000  0.0000  0.0000  0.0000  0.0000  0.0000  0.0000  0.0000  0.0000 -0.0140 -0.0970 -0.0970 -0.0970 -0.0970 -0.0970 -0.0970 -0.0970 -0.0970 -0.0970 -0.0970 -0.0970 -0.0970 
 0.0000  0.0000  0.0000  0.0000  0.0000  0.0000  0.0000  0.0000  0.0000  0.0000  0.0000  0.0000  0.0000  0.0000  0.0000  0.0000  0.0000  0.0000  0.0000  0.0000  0.0000 -0.0140 -0.0140 -0.0140 -0.0140 -0.0140 -0.0140 -0.0140 -0.0140 -0.0140 -0.0140 -0.0140 -0.0140 
 0.0000  0.0000  0.0000  0.0000  0.0000  0.0000  0.0000  0.0000  0.0000  0.0000  0.0000  0.0000  0.0000  0.0000  0.0000  0.0000  0.0000  0.0000  0.0000  0.0000 -0.0740 -0.4400 -0.4400 -0.4400 -0.4400 -0.4400 -0.4400 -0.4400 -0.4400 -0.4400 -0.4400 -0.4400 -0.4400 
 0.0000  0.0000  0.0000  0.0000  0.0000  0.0000  0.0000  0.0000  0.0000  0.0000  0.0000  0.0000  0.0000  0.0000  0.0000  0.0000  0.0000  0.0000  0.0000  0.0000 -0.0460 -0.2910 -0.2910 -0.2910 -0.2910 -0.2910 -0.2910 -0.2910 -0.2910 -0.2910 -0.2910 -0.2910 -0.2910 
 0.0000  0.0000  0.0000  0.0000  0.0000  0.0000  0.0000  0.0000  0.0000  0.0000  0.0000  0.0000  0.0000  0.0000  0.0000  0.0000  0.0000  0.0000  0.0000  0.0000  0.0000 -0.0030 -0.0030 -0.0030 -0.0030 -0.0030 -0.0030 -0.0030 -0.0030 -0.0030 -0.0030 -0.0030 -0.0030 
 0.0000  0.0000  0.0000  0.0000  0.0000  0.0000  0.0000  0.0000  0.0000  0.0000  0.0000  0.0000  0.0000  0.0000  0.0000  0.0000  0.0000  0.0000  0.0000  0.0000 -0.0490 -0.3050 -0.3050 -0.3050 -0.3050 -0.3050 -0.3050 -0.3050 -0.3050 -0.3050 -0.3050 -0.3050 -0.3050 
 0.0000  0.0000  0.0000  0.0000  0.0000  0.0000  0.0000  0.0000  0.0000  0.0000  0.0000  0.0000  0.0000  0.0000  0.0000  0.0000  0.0000  0.0000  0.0000  0.0000 -0.1680 -0.9980 -0.9980 -0.9980 -0.9980 -0.9980 -0.9980 -0.9980 -0.9980 -0.9980 -0.9980 -0.9980 -0.9980 
 0.0000  0.0000  0.0000  0.0000  0.0000  0.0000  0.0000  0.0000  0.0000  0.0000  0.0000  0.0000  0.0000  0.0000  0.0000  0.0000  0.0000  0.0000  0.0000  0.0000 -0.1680 -0.9980 -0.9980 -0.9980 -0.9980 -0.9980 -0.9980 -0.9980 -0.9980 -0.9980 -0.9980 -0.9980 -0.9980 
