 1.0000  1.0000  0.9990  0.9870 -1.0000 -0.9990 -0.9990 -0.9960 -0.9940 -0.9920 -0.9920 -0.9910 -0.9910 -0.9910 -0.9910 -0.9910 -0.9910 -0.9910 -0.9910 -0.9910 -0.9910 -0.9910 -0.9910 -0.9910 -0.9910 -0.9910 -0.9910 -0.9910 -0.9910  0.0000  0.0000  0.0000  0.0000 
 1.0000  1.0000  1.0000  0.9880 -1.0000 -1.0000 -0.9990 -0.9970 -0.9950 -0.9940 -0.9930 -0.9930 -0.9920 -0.9920 -0.9920 -0.9920 -0.9920 -0.9920 -0.9920 -0.9920 -0.9920 -0.9920 -0.9920 -0.9920 -0.9920 -0.9920 -0.9920 -0.9920 -0.9920  0.0000  0.0000  0.0000  0.0000 
 0.9990  1.0000  1.0000  0.9920 -0.9990 -1.0000 -1.0000 -0.9980 -0.9970 -0.9960 -0.9950 -0.9950 -0.9950 -0.9950 -0.9950 -0.9950 -0.9950 -0.9950 -0.9950 -0.9950 -0.9950 -0.9950 -0.9950 -0.9950 -0.9950 -0.9950 -0.9950 -0.9950 -0.9950  0.0000  0.0000  0.0000  0.0000 
 0.9870  0.9880  0.9920  1.0000 -0.9860 -0.9920 -0.9940 -0.9970 -0.9990 -0.9990 -0.9990 -0.9990 -1.0000 -1.0000 -1.0000 -1.0000 -1.0000 -1.0000 -1.0000 -1.0000 -1.0000 -1.0000 -1.0000 -1.0000 -1.0000 -1.0000 -1.0000 -1.0000 -1.0000  0.0000  0.0000  0.0000  0.0000 
-1.0000 -1.0000 -0.9990 -0.9860  1.0000  0.9990  0.9980  0.9960  0.9930  0.9920  0.9910  0.9910  0.9900  0.9900  0.9900  0.9900  0.9900  0.9900  0.9900  0.9900  0.9900  0.9900  0.9900  0.9900  0.9900  0.9900  0.9900  0.9900  0.9900  0.0000  0.0000  0.0000  0.0000 
-0.9990 -1.0000 -1.0000 -0.9920  0.9990  1.0000  1.0000  0.9980  0.9970  0.9960  0.9950  0.9950  0.9950  0.9950  0.9950  0.9950  0.9950  0.9950  0.9950  0.9950  0.9950  0.9950  0.9950  0.9950  0.9950  0.9950  0.9950  0.9950  0.9950  0.0000  0.0000  0.0000  0.0000 
-0.9990 -0.9990 -1.0000 -0.9940  0.9980  1.0000  1.0000  0.9990  0.9980  0.9980  0.9970  0.9970  0.9970  0.9970  0.9970  0.9970  0.9970  0.9970  0.9970  0.9970  0.9970  0.9970  0.9970  0.9970  0.9970  0.9970  0.9970  0.9970  0.9970  0.0000  0.0000  0.0000  0.0000 
-0.9960 -0.9970 -0.9980 -0.9970  0.9960  0.9980  0.9990  1.0000  1.0000  0.9990  0.9990  0.9990  0.9990  0.9990  0.9990  0.9990  0.9990  0.9990  0.9990  0.9990  0.9990  0.9990  0.9990  0.9990  0.9990  0.9990  0.9990  0.9990  0.9990  0.0000  0.0000  0.0000  0.0000 
-0.9940 -0.9950 -0.9970 -0.9990  0.9930  0.9970  0.9980  1.0000  1.0000  1.0000  1.0000  1.0000  1.0000  1.0000  1.0000  1.0000  1.0000  1.0000  1.0000  1.0000  1.0000  1.0000  1.0000  1.0000  1.0000  1.0000  1.0000  1.0000  1.0000  0.0000  0.0000  0.0000  0.0000 
-0.9920 -0.9940 -0.9960 -0.9990  0.9920  0.9960  0.9980  0.9990  1.0000  1.0000  1.0000  1.0000  1.0000  1.0000  1.0000  1.0000  1.0000  1.0000  1.0000  1.0000  1.0000  1.0000  1.0000  1.0000  1.0000  1.0000  1.0000  1.0000  1.0000  0.0000  0.0000  0.0000  0.0000 
-0.9920 -0.9930 -0.9950 -0.9990  0.9910  0.9950  0.9970  0.9990  1.0000  1.0000  1.0000  1.0000  1.0000  1.0000  1.0000  1.0000  1.0000  1.0000  1.0000  1.0000  1.0000  1.0000  1.0000  1.0000  1.0000  1.0000  1.0000  1.0000  1.0000  0.0000  0.0000  0.0000  0.0000 
-0.9910 -0.9930 -0.9950 -0.9990  0.9910  0.9950  0.9970  0.9990  1.0000  1.0000  1.0000  1.0000  1.0000  1.0000  1.0000  1.0000  1.0000  1.0000  1.0000  1.0000  1.0000  1.0000  1.0000  1.0000  1.0000  1.0000  1.0000  1.0000  1.0000  0.0000  0.0000  0.0000  0.0000 
-0.9910 -0.9920 -0.9950 -1.0000  0.9900  0.9950  0.9970  0.9990  1.0000  1.0000  1.0000  1.0000  1.0000  1.0000  1.0000  1.0000  1.0000  1.0000  1.0000  1.0000  1.0000  1.0000  1.0000  1.0000  1.0000  1.0000  1.0000  1.0000  1.0000  0.0000  0.0000  0.0000  0.0000 
-0.9910 -0.9920 -0.9950 -1.0000  0.9900  0.9950  0.9970  0.9990  1.0000  1.0000  1.0000  1.0000  1.0000  1.0000  1.0000  1.0000  1.0000  1.0000  1.0000  1.0000  1.0000  1.0000  1.0000  1.0000  1.0000  1.0000  1.0000  1.0000  1.0000  0.0000  0.0000  0.0000  0.0000 
-0.9910 -0.9920 -0.9950 -1.0000  0.9900  0.9950  0.9970  0.9990  1.0000  1.0000  1.0000  1.0000  1.0000  1.0000  1.0000  1.0000  1.0000  1.0000  1.0000  1.0000  1.0000  1.0000  1.0000  1.0000  1.0000  1.0000  1.0000  1.0000  1.0000  0.0000  0.0000  0.0000  0.0000 
-0.9910 -0.9920 -0.9950 -1.0000  0.9900  0.9950  0.9970  0.9990  1.0000  1.0000  1.0000  1.0000  1.0000  1.0000  1.0000  1.0000  1.0000  1.0000  1.0000  1.0000  1.0000  1.0000  1.0000  1.0000  1.0000  1.0000  1.0000  1.0000  1.0000  0.0000  0.0000  0.0000  0.0000 
-0.9910 -0.9920 -0.9950 -1.0000  0.9900  0.9950  0.9970  0.9990  1.0000  1.0000  1.0000  1.0000  1.0000  1.0000  1.0000  1.0000  1.0000  1.0000  1.0000  1.0000  1.0000  1.0000  1.0000  1.0000  1.0000  1.0000  1.0000  1.0000  1.0000  0.0000  0.0000  0.0000  0.0000 
-0.9910 -0.9920 -0.9950 -1.0000  0.9900  0.9950  0.9970  0.9990  1.0000  1.0000  1.0000  1.0000  1.0000  1.0000  1.0000  1.0000  1.0000  1.0000  1.0000  1.0000  1.0000  1.0000  1.0000  1.0000  1.0000  1.0000  1.0000  1.0000  1.0000  0.0000  0.0000  0.0000  0.0000 
-0.9910 -0.9920 -0.9950 -1.0000  0.9900  0.9950  0.9970  0.9990  1.0000  1.0000  1.0000  1.0000  1.0000  1.0000  1.0000  1.0000  1.0000  1.0000  1.0000  1.0000  1.0000  1.0000  1.0000  1.0000  1.0000  1.0000  1.0000  1.0000  1.0000  0.0000  0.0000  0.0000  0.0000 
-0.9910 -0.9920 -0.9950 -1.0000  0.9900  0.9950  0.9970  0.9990  1.0000  1.0000  1.0000  1.0000  1.0000  1.0000  1.0000  1.0000  1.0000  1.0000  1.0000  1.0000  1.0000  1.0000  1.0000  1.0000  1.0000  1.0000  1.0000  1.0000  1.0000  0.0000  0.0000  0.0000  0.0000 
-0.9910 -0.9920 -0.9950 -1.0000  0.9900  0.9950  0.9970  0.9990  1.0000  1.0000  1.0000  1.0000  1.0000  1.0000  1.0000  1.0000  1.0000  1.0000  1.0000  1.0000  1.0000  1.0000  1.0000  1.0000  1.0000  1.0000  1.0000  1.0000  1.0000  0.0000  0.0000  0.0000  0.0000 
-0.9910 -0.9920 -0.9950 -1.0000  0.9900  0.9950  0.9970  0.9990  1.0000  1.0000  1.0000  1.0000  1.0000  1.0000  1.0000  1.0000  1.0000  1.0000  1.0000  1.0000  1.0000  1.0000  1.0000  1.0000  1.0000  1.0000  1.0000  1.0000  1.0000  0.0000  0.0000  0.0000  0.0000 
-0.9910 -0.9920 -0.9950 -1.0000  0.9900  0.9950  0.9970  0.9990  1.0000  1.0000  1.0000  1.0000  1.0000  1.0000  1.0000  1.0000  1.0000  1.0000  1.0000  1.0000  1.0000  1.0000  1.0000  1.0000  1.0000  1.0000  1.0000  1.0000  1.0000  0.0000  0.0000  0.0000  0.0000 
-0.9910 -0.9920 -0.9950 -1.0000  0.9900  0.9950  0.9970  0.9990  1.0000  1.0000  1.0000  1.0000  1.0000  1.0000  1.0000  1.0000  1.0000  1.0000  1.0000  1.0000  1.0000  1.0000  1.0000  1.0000  1.0000  1.0000  1.0000  1.0000  1.0000  0.0000  0.0000  0.0000  0.0000 
-0.9910 -0.9920 -0.9950 -1.0000  0.9900  0.9950  0.9970  0.9990  1.0000  1.0000  1.0000  1.0000  1.0000  1.0000  1.0000  1.0000  1.0000  1.0000  1.0000  1.0000  1.0000  1.0000  1.0000  1.0000  1.0000  1.0000  1.0000  1.0000  1.0000  0.0000  0.0000  0.0000  0.0000 
-0.9910 -0.9920 -0.9950 -1.0000  0.9900  0.9950  0.9970  0.9990  1.0000  1.0000  1.0000  1.0000  1.0000  1.0000  1.0000  1.0000  1.0000  1.0000  1.0000  1.0000  1.0000  1.0000  1.0000  1.0000  1.0000  1.0000  1.0000  1.0000  1.0000  0.0000  0.0000  0.0000  0.0000 
-0.9910 -0.9920 -0.9950 -1.0000  0.9900  0.9950  0.9970  0.9990  1.0000  1.0000  1.0000  1.0000  1.0000  1.0000  1.0000  1.0000  1.0000  1.0000  1.0000  1.0000  1.0000  1.0000  1.0000  1.0000  1.0000  1.0000  1.0000  1.0000  1.0000  0.0000  0.0000  0.0000  0.0000 
-0.9910 -0.9920 -0.9950 -1.0000  0.9900  0.9950  0.9970  0.9990  1.0000  1.0000  1.0000  1.0000  1.0000  1.0000  1.0000  1.0000  1.0000  1.0000  1.0000  1.0000  1.0000  1.0000  1.0000  1.0000  1.0000  1.0000  1.0000  1.0000  1.0000  0.0000  0.0000  0.0000  0.0000 
-0.9910 -0.9920 -0.9950 -1.0000  0.9900  0.9950  0.9970  0.9990  1.0000  1.0000  1.0000  1.0000  1.0000  1.0000  1.0000  1.0000  1.0000  1.0000  1.0000  1.0000  1.0000  1.0000  1.0000  1.0000  1.0000  1.0000  1.0000  1.0000  1.0000  0.0000  0.0000  0.0000  0.0000 
 0.0000  0.0000  0.0000  0.0000  0.0000  0.0000  0.0000  0.0000  0.0000  0.0000  0.0000  0.0000  0.0000  0.0000  0.0000  0.0000  0.0000  0.0000  0.0000  0.0000  0.0000  0.0000  0.0000  0.0000  0.0000  0.0000  0.0000  0.0000  0.0000  0.0000  0.0000  0.0000  0.0000 
 0.0000  0.0000  0.0000  0.0000  0.0000  0.0000  0.0000  0.0000  0.0000  0.0000  0.0000  0.0000  0.0000  0.0000  0.0000  0.0000  0.0000  0.0000  0.0000  0.0000  0.0000  0.0000  0.0000  0.0000  0.0000  0.0000  0.0000  0.0000  0.0000  0.0000  0.0000  0.0000  0.0000 
 0.0000  0.0000  0.0000  0.0000  0.0000  0.0000  0.0000  0.0000  0.0000  0.0000  0.0000  0.0000  0.0000  0.0000  0.0000  0.0000  0.0000  0.0000  0.0000  0.0000  0.0000  0.0000  0.0000  0.0000  0.0000  0.0000  0.0000  0.0000  0.0000  0.0000  0.0000  0.0000  0.0000 
 0.0000  0.0000  0.0000  0.0000  0.0000  0.0000  0.0000  0.0000  0.0000  0.0000  0.0000  0.0000  0.0000  0.0000  0.0000  0.0000  0.0000  0.0000  0.0000  0.0000  0.0000  0.0000  0.0000  0.0000  0.0000  0.0000  0.0000  0.0000  0.0000  0.0000  0.0000  0.0000  0.0000 
