 1.0000  0.0970  0.0800  0.0470  0.0110  0.0090  0.0050  0.0030  0.0020  0.0000  0.0010  0.0010  0.0010  0.0000  0.0000  0.0000  0.0000  0.0000  0.0000  0.0000  0.0000  0.0000  0.0000  0.0000  0.0000  0.0000  0.0000  0.0000  0.0000  0.0000  0.0000  0.0000  0.0000 
 0.0970  1.0000  0.2500  0.1270  0.0290  0.0230  0.0130  0.0080  0.0050  0.0030  0.0030  0.0040  0.0040  0.0020  0.0000  0.0000  0.0010  0.0010  0.0020  0.0010  0.0000  0.0000  0.0000  0.0000  0.0000  0.0000  0.0000  0.0000  0.0000  0.0000  0.0000  0.0000  0.0000 
 0.0800  0.2500  1.0000  0.2110  0.0520  0.0280  0.0170  0.0110  0.0070  0.0030  0.0040  0.0030  0.0040  0.0020  0.0000  0.0010  0.0010  0.0010  0.0010  0.0010  0.0000  0.0000  0.0000  0.0000  0.0000  0.0000  0.0000  0.0000  0.0000  0.0000  0.0000  0.0000  0.0000 
 0.0470  0.1270  0.2110  1.0000  0.2550  0.0500  0.0310  0.0190  0.0140  0.0030  0.0050  0.0030  0.0060  0.0040  0.0010  0.0020  0.0020  0.0010  0.0010  0.0010  0.0000  0.0000  0.0000  0.0000  0.0000  0.0000  0.0000  0.0000  0.0000  0.0000  0.0000  0.0000  0.0000 
 0.0110  0.0290  0.0520  0.2550  1.0000  0.1200  0.0720  0.0450  0.0290  0.0030  0.0100  0.0040  0.0100  0.0060  0.0000  0.0010  0.0010  0.0010  0.0030  0.0020  0.0000  0.0000  0.0000  0.0000  0.0000  0.0000  0.0000  0.0000  0.0000  0.0000  0.0000  0.0000  0.0000 
 0.0090  0.0230  0.0280  0.0500  0.1200  1.0000  0.2850  0.1490  0.0740  0.0090  0.0320  0.0080  0.0090  0.0050  0.0000  0.0030  0.0050  0.0030  0.0040  0.0020  0.0000  0.0000  0.0000  0.0000  0.0000  0.0000  0.0000  0.0000  0.0000  0.0000  0.0000  0.0000  0.0000 
 0.0050  0.0130  0.0170  0.0310  0.0720  0.2850  1.0000  0.2660  0.1020  0.0110  0.0460  0.0100  0.0110  0.0070  0.0010  0.0040  0.0060  0.0040  0.0040  0.0030  0.0000  0.0000  0.0000  0.0000  0.0000  0.0000  0.0000  0.0000  0.0000  0.0000  0.0000  0.0000  0.0000 
 0.0030  0.0080  0.0110  0.0190  0.0450  0.1490  0.2660  1.0000  0.1190  0.0110  0.0570  0.0100  0.0110  0.0060  0.0010  0.0070  0.0060  0.0040  0.0040  0.0030  0.0000  0.0000  0.0000  0.0000  0.0000  0.0000  0.0000  0.0000  0.0000  0.0000  0.0000  0.0000  0.0000 
 0.0020  0.0050  0.0070  0.0140  0.0290  0.0740  0.1020  0.1190  1.0000  0.1520  0.0290  0.0070  0.0110  0.0080  0.0020  0.0060  0.0050  0.0030  0.0030  0.0020  0.0000  0.0000  0.0000  0.0000  0.0000  0.0000  0.0000  0.0000  0.0000  0.0000  0.0000  0.0000  0.0000 
 0.0000  0.0030  0.0030  0.0030  0.0030  0.0090  0.0110  0.0110  0.1520  1.0000  0.3880  0.0060  0.0090  0.0070  0.0020  0.0050  0.0040  0.0020  0.0030  0.0020  0.0010  0.0000  0.0000  0.0000  0.0000  0.0000  0.0000  0.0000  0.0000  0.0000  0.0000  0.0000  0.0000 
 0.0010  0.0030  0.0040  0.0050  0.0100  0.0320  0.0460  0.0570  0.0290  0.3880  1.0000  0.2100  0.0090  0.0060  0.0020  0.0050  0.0040  0.0020  0.0030  0.0020  0.0000  0.0000  0.0000  0.0000  0.0000  0.0000  0.0000  0.0000  0.0000  0.0000  0.0000  0.0000  0.0000 
 0.0010  0.0040  0.0030  0.0030  0.0040  0.0080  0.0100  0.0100  0.0070  0.0060  0.2100  1.0000  0.0680  0.0070  0.0020  0.0050  0.0040  0.0020  0.0030  0.0020  0.0010  0.0000  0.0000  0.0000  0.0000  0.0000  0.0000  0.0000  0.0000  0.0000  0.0000  0.0000  0.0000 
 0.0010  0.0040  0.0040  0.0060  0.0100  0.0090  0.0110  0.0110  0.0110  0.0090  0.0090  0.0680  1.0000  0.6110  0.0020  0.0050  0.0050  0.0030  0.0060  0.0060  0.0020  0.0000  0.0000  0.0000  0.0000  0.0000  0.0000  0.0000  0.0000  0.0000  0.0000  0.0000  0.0000 
 0.0000  0.0020  0.0020  0.0040  0.0060  0.0050  0.0070  0.0060  0.0080  0.0070  0.0060  0.0070  0.6110  1.0000  0.7810  0.0030  0.0040  0.0020  0.0040  0.0040  0.0010  0.0000  0.0000  0.0000  0.0000  0.0000  0.0000  0.0000  0.0000  0.0000  0.0000  0.0000  0.0000 
 0.0000  0.0000  0.0000  0.0010  0.0000  0.0000  0.0010  0.0010  0.0020  0.0020  0.0020  0.0020  0.0020  0.7810  1.0000  0.0800  0.0010  0.0010  0.0010  0.0010  0.0000  0.0000  0.0000  0.0000  0.0000  0.0000  0.0000  0.0000  0.0000  0.0000  0.0000  0.0000  0.0000 
 0.0000  0.0000  0.0010  0.0020  0.0010  0.0030  0.0040  0.0070  0.0060  0.0050  0.0050  0.0050  0.0050  0.0030  0.0800  1.0000  0.1830  0.0020  0.0020  0.0010  0.0000  0.0000  0.0000  0.0000  0.0000  0.0000  0.0000  0.0000  0.0000  0.0000  0.0000  0.0000  0.0000 
 0.0000  0.0010  0.0010  0.0020  0.0010  0.0050  0.0060  0.0060  0.0050  0.0040  0.0040  0.0040  0.0050  0.0040  0.0010  0.1830  1.0000  0.3940  0.0200  0.0010  0.0000  0.0000  0.0000  0.0000  0.0000  0.0000  0.0000  0.0000  0.0000  0.0000  0.0000  0.0000  0.0000 
 0.0000  0.0010  0.0010  0.0010  0.0010  0.0030  0.0040  0.0040  0.0030  0.0020  0.0020  0.0020  0.0030  0.0020  0.0010  0.0020  0.3940  1.0000  0.0480  0.0010  0.0000  0.0000  0.0000  0.0000  0.0000  0.0000  0.0000  0.0000  0.0000  0.0000  0.0000  0.0000  0.0000 
 0.0000  0.0020  0.0010  0.0010  0.0030  0.0040  0.0040  0.0040  0.0030  0.0030  0.0030  0.0030  0.0060  0.0040  0.0010  0.0020  0.0200  0.0480  1.0000  0.7240  0.0010  0.0000  0.0000  0.0000  0.0000  0.0000  0.0000  0.0000  0.0000  0.0000  0.0000  0.0000  0.0000 
 0.0000  0.0010  0.0010  0.0010  0.0020  0.0020  0.0030  0.0030  0.0020  0.0020  0.0020  0.0020  0.0060  0.0040  0.0010  0.0010  0.0010  0.0010  0.7240  1.0000  0.1370  0.0000  0.0000  0.0000  0.0000  0.0000  0.0000  0.0000  0.0000  0.0000  0.0000  0.0000  0.0000 
 0.0000  0.0000  0.0000  0.0000  0.0000  0.0000  0.0000  0.0000  0.0000  0.0010  0.0000  0.0010  0.0020  0.0010  0.0000  0.0000  0.0000  0.0000  0.0010  0.1370  1.0000  0.2520  0.0300  0.0130  0.0000  0.0000  0.0000  0.0000  0.0000  0.0000  0.0000  0.0000  0.0000 
 0.0000  0.0000  0.0000  0.0000  0.0000  0.0000  0.0000  0.0000  0.0000  0.0000  0.0000  0.0000  0.0000  0.0000  0.0000  0.0000  0.0000  0.0000  0.0000  0.0000  0.2520  1.0000  0.1190  0.0500  0.0000  0.0000  0.0000  0.0000  0.0000  0.0000  0.0000  0.0000  0.0000 
 0.0000  0.0000  0.0000  0.0000  0.0000  0.0000  0.0000  0.0000  0.0000  0.0000  0.0000  0.0000  0.0000  0.0000  0.0000  0.0000  0.0000  0.0000  0.0000  0.0000  0.0300  0.1190  1.0000  0.3820  0.0000  0.0000  0.0000  0.0000  0.0000  0.0000  0.0000  0.0000  0.0000 
 0.0000  0.0000  0.0000  0.0000  0.0000  0.0000  0.0000  0.0000  0.0000  0.0000  0.0000  0.0000  0.0000  0.0000  0.0000  0.0000  0.0000  0.0000  0.0000  0.0000  0.0130  0.0500  0.3820  1.0000  0.0900  0.0900  0.0900  0.0900  0.0900  0.0900  0.0900  0.0900  0.0900 
 0.0000  0.0000  0.0000  0.0000  0.0000  0.0000  0.0000  0.0000  0.0000  0.0000  0.0000  0.0000  0.0000  0.0000  0.0000  0.0000  0.0000  0.0000  0.0000  0.0000  0.0000  0.0000  0.0000  0.0900  1.0000  1.0000  1.0000  1.0000  1.0000  1.0000  1.0000  1.0000  1.0000 
 0.0000  0.0000  0.0000  0.0000  0.0000  0.0000  0.0000  0.0000  0.0000  0.0000  0.0000  0.0000  0.0000  0.0000  0.0000  0.0000  0.0000  0.0000  0.0000  0.0000  0.0000  0.0000  0.0000  0.0900  1.0000  1.0000  1.0000  1.0000  1.0000  1.0000  1.0000  1.0000  1.0000 
 0.0000  0.0000  0.0000  0.0000  0.0000  0.0000  0.0000  0.0000  0.0000  0.0000  0.0000  0.0000  0.0000  0.0000  0.0000  0.0000  0.0000  0.0000  0.0000  0.0000  0.0000  0.0000  0.0000  0.0900  1.0000  1.0000  1.0000  1.0000  1.0000  1.0000  1.0000  1.0000  1.0000 
 0.0000  0.0000  0.0000  0.0000  0.0000  0.0000  0.0000  0.0000  0.0000  0.0000  0.0000  0.0000  0.0000  0.0000  0.0000  0.0000  0.0000  0.0000  0.0000  0.0000  0.0000  0.0000  0.0000  0.0900  1.0000  1.0000  1.0000  1.0000  1.0000  1.0000  1.0000  1.0000  1.0000 
 0.0000  0.0000  0.0000  0.0000  0.0000  0.0000  0.0000  0.0000  0.0000  0.0000  0.0000  0.0000  0.0000  0.0000  0.0000  0.0000  0.0000  0.0000  0.0000  0.0000  0.0000  0.0000  0.0000  0.0900  1.0000  1.0000  1.0000  1.0000  1.0000  1.0000  1.0000  1.0000  1.0000 
 0.0000  0.0000  0.0000  0.0000  0.0000  0.0000  0.0000  0.0000  0.0000  0.0000  0.0000  0.0000  0.0000  0.0000  0.0000  0.0000  0.0000  0.0000  0.0000  0.0000  0.0000  0.0000  0.0000  0.0900  1.0000  1.0000  1.0000  1.0000  1.0000  1.0000  1.0000  1.0000  1.0000 
 0.0000  0.0000  0.0000  0.0000  0.0000  0.0000  0.0000  0.0000  0.0000  0.0000  0.0000  0.0000  0.0000  0.0000  0.0000  0.0000  0.0000  0.0000  0.0000  0.0000  0.0000  0.0000  0.0000  0.0900  1.0000  1.0000  1.0000  1.0000  1.0000  1.0000  1.0000  1.0000  1.0000 
 0.0000  0.0000  0.0000  0.0000  0.0000  0.0000  0.0000  0.0000  0.0000  0.0000  0.0000  0.0000  0.0000  0.0000  0.0000  0.0000  0.0000  0.0000  0.0000  0.0000  0.0000  0.0000  0.0000  0.0900  1.0000  1.0000  1.0000  1.0000  1.0000  1.0000  1.0000  1.0000  1.0000 
 0.0000  0.0000  0.0000  0.0000  0.0000  0.0000  0.0000  0.0000  0.0000  0.0000  0.0000  0.0000  0.0000  0.0000  0.0000  0.0000  0.0000  0.0000  0.0000  0.0000  0.0000  0.0000  0.0000  0.0900  1.0000  1.0000  1.0000  1.0000  1.0000  1.0000  1.0000  1.0000  1.0000 
