-0.1020 -0.0150 -0.0160 -0.0140 -0.0140 -0.0120 -0.0070 -0.0080 -0.0110 -0.0030 -0.0080 -0.0070 -0.0060 -0.0020 -0.0010 -0.0010 -0.0020  0.0000  0.0000  0.0000  0.0000  0.0000  0.0000  0.0000  0.0000  0.0000  0.0000  0.0000  0.0000  0.0000  0.0000  0.0000  0.0000 
-0.0070 -0.0570 -0.0120 -0.0080 -0.0080 -0.0090 -0.0070 -0.0060 -0.0050 -0.0020 -0.0030 -0.0050 -0.0020 -0.0010  0.0000  0.0000  0.0000  0.0000  0.0000  0.0000  0.0000  0.0000  0.0000  0.0000  0.0000  0.0000  0.0000  0.0000  0.0000  0.0000  0.0000  0.0000  0.0000 
-0.0010 -0.0030 -0.0200 -0.0030  0.0000  0.0000  0.0000  0.0000  0.0000  0.0000  0.0000 -0.0020  0.0000  0.0000  0.0000  0.0000  0.0000  0.0000  0.0000  0.0000  0.0000  0.0000  0.0000  0.0000  0.0000  0.0000  0.0000  0.0000  0.0000  0.0000  0.0000  0.0000  0.0000 
-0.0030 -0.0040 -0.0080 -0.0350 -0.0080 -0.0050 -0.0030  0.0000 -0.0020  0.0000 -0.0020 -0.0020  0.0000  0.0000  0.0000  0.0000  0.0000  0.0000  0.0000  0.0000  0.0000  0.0000  0.0000  0.0000  0.0000  0.0000  0.0000  0.0000  0.0000  0.0000  0.0000  0.0000  0.0000 
-0.0040 -0.0040 -0.0040 -0.0090 -0.0380 -0.0140 -0.0050  0.0000 -0.0020 -0.0010 -0.0020 -0.0020  0.0000  0.0000  0.0000  0.0000  0.0000  0.0000  0.0000  0.0000  0.0000  0.0000  0.0000  0.0000  0.0000  0.0000  0.0000  0.0000  0.0000  0.0000  0.0000  0.0000  0.0000 
 0.0000 -0.0020 -0.0020 -0.0020 -0.0080 -0.0220 -0.0030 -0.0020 -0.0030  0.0000  0.0000  0.0000  0.0000 -0.0010  0.0000  0.0000  0.0000  0.0000  0.0000  0.0000  0.0000  0.0000  0.0000  0.0000  0.0000  0.0000  0.0000  0.0000  0.0000  0.0000  0.0000  0.0000  0.0000 
 0.0000  0.0000  0.0000  0.0000 -0.0010 -0.0030 -0.0180 -0.0030 -0.0010  0.0000 -0.0010  0.0000  0.0000  0.0000  0.0000  0.0000  0.0000  0.0000  0.0000  0.0000  0.0000  0.0000  0.0000  0.0000  0.0000  0.0000  0.0000  0.0000  0.0000  0.0000  0.0000  0.0000  0.0000 
 0.0000 -0.0010  0.0000  0.0000  0.0000 -0.0020 -0.0030 -0.0230 -0.0030  0.0000  0.0000  0.0000  0.0000  0.0000  0.0000  0.0000  0.0000  0.0000  0.0000  0.0000  0.0000  0.0000  0.0000  0.0000  0.0000  0.0000  0.0000  0.0000  0.0000  0.0000  0.0000  0.0000  0.0000 
 0.0000  0.0000  0.0000  0.0000  0.0000 -0.0040  0.0000 -0.0020 -0.0180 -0.0020  0.0000 -0.0010  0.0000  0.0000  0.0000  0.0000  0.0000  0.0000  0.0000  0.0000  0.0000  0.0000  0.0000  0.0000  0.0000  0.0000  0.0000  0.0000  0.0000  0.0000  0.0000  0.0000  0.0000 
 0.0000  0.0000  0.0000  0.0000  0.0000 -0.0030 -0.0010  0.0000 -0.0030 -0.0280 -0.0140 -0.0040 -0.0010  0.0000  0.0000  0.0000  0.0000  0.0000  0.0000  0.0000  0.0000  0.0000  0.0000  0.0000  0.0000  0.0000  0.0000  0.0000  0.0000  0.0000  0.0000  0.0000  0.0000 
 0.0000  0.0000  0.0000  0.0000  0.0000 -0.0010  0.0000  0.0000 -0.0020 -0.0140 -0.0300 -0.0230 -0.0030  0.0000  0.0000  0.0000  0.0000  0.0000  0.0000  0.0000  0.0000  0.0000  0.0000  0.0000  0.0000  0.0000  0.0000  0.0000  0.0000  0.0000  0.0000  0.0000  0.0000 
 0.0000 -0.0010 -0.0020 -0.0040  0.0000 -0.0020 -0.0020 -0.0030 -0.0030 -0.0040 -0.0280 -0.0320 -0.0170 -0.0090  0.0000  0.0000 -0.0020  0.0000  0.0000  0.0000  0.0000  0.0000  0.0000  0.0000  0.0000  0.0000  0.0000  0.0000  0.0000  0.0000  0.0000  0.0000  0.0000 
-0.0010  0.0000 -0.0020 -0.0010 -0.0010 -0.0030 -0.0030  0.0000 -0.0040 -0.0020 -0.0050 -0.0270 -0.0510 -0.0280 -0.0010 -0.0020 -0.0020  0.0000  0.0000  0.0000  0.0000  0.0000  0.0000  0.0000  0.0000  0.0000  0.0000  0.0000  0.0000  0.0000  0.0000  0.0000  0.0000 
 0.0000  0.0000 -0.0020  0.0000  0.0000  0.0000 -0.0030  0.0000 -0.0020 -0.0010 -0.0050 -0.0160 -0.0300 -0.0510 -0.0440 -0.0050 -0.0040 -0.0010  0.0000  0.0000  0.0000  0.0000  0.0000  0.0000  0.0000  0.0000  0.0000  0.0000  0.0000  0.0000  0.0000  0.0000  0.0000 
 0.0000  0.0000  0.0000  0.0000 -0.0020  0.0000  0.0000  0.0000  0.0000 -0.0010  0.0000 -0.0050 -0.0050 -0.0620 -0.0690 -0.0140 -0.0060 -0.0020  0.0000  0.0000  0.0000  0.0000  0.0000  0.0000  0.0000  0.0000  0.0000  0.0000  0.0000  0.0000  0.0000  0.0000  0.0000 
 0.0000  0.0000  0.0000  0.0000  0.0000  0.0000  0.0000  0.0000  0.0000  0.0000  0.0000  0.0000  0.0000  0.0000 -0.0040 -0.0220 -0.0110 -0.0010  0.0000  0.0000  0.0000  0.0000  0.0000  0.0000  0.0000  0.0000  0.0000  0.0000  0.0000  0.0000  0.0000  0.0000  0.0000 
 0.0000  0.0000  0.0000  0.0000  0.0000  0.0000  0.0000  0.0000  0.0000  0.0000  0.0000  0.0000  0.0000 -0.0010  0.0000 -0.0110 -0.0220 -0.0090  0.0000  0.0000  0.0000  0.0000  0.0000  0.0000  0.0000  0.0000  0.0000  0.0000  0.0000  0.0000  0.0000  0.0000  0.0000 
 0.0000  0.0000  0.0000  0.0000  0.0000  0.0000  0.0000  0.0000  0.0000  0.0000  0.0000  0.0000  0.0000 -0.0010  0.0000 -0.0040 -0.0180 -0.0050  0.0280  0.0310  0.0300  0.0270  0.0310  0.0240  0.0200  0.0240  0.0080  0.0080  0.0100  0.0070  0.0060  0.0120  0.0090 
 0.0000  0.0000  0.0000  0.0000  0.0000  0.0000  0.0000  0.0000  0.0000  0.0000  0.0000  0.0000  0.0000  0.0000  0.0000  0.0000  0.0000  0.2920  0.5020  0.5720  0.5360  0.5210  0.5630  0.4620  0.3850  0.4510  0.2160  0.1840  0.2390  0.2020  0.1810  0.2480  0.2160 
 0.0000  0.0000  0.0000  0.0000  0.0000  0.0000  0.0000  0.0000  0.0000  0.0000  0.0000  0.0000  0.0000  0.0000  0.0000  0.0000  0.0000  0.2660  0.4720  0.4270  0.4610  0.4630  0.5010  0.4120  0.3480  0.4030  0.1930  0.1640  0.2160  0.1840  0.1660  0.2210  0.1880 
 0.0000  0.0000  0.0000  0.0000  0.0000  0.0000  0.0000  0.0000  0.0000  0.0000  0.0000  0.0000  0.0000  0.0000  0.0000  0.0000  0.0000  0.2090  0.3770  0.3800  0.2540  0.3650  0.3870  0.3180  0.2680  0.3120  0.1560  0.1330  0.1710  0.1400  0.1250  0.1730  0.1610 
 0.0000  0.0000  0.0000  0.0000  0.0000  0.0000  0.0000  0.0000  0.0000  0.0000  0.0000  0.0000  0.0000  0.0000  0.0000  0.0000  0.0000  0.2310  0.4170  0.4260  0.3830  0.3750  0.4170  0.3410  0.2920  0.3340  0.1450  0.1190  0.1670  0.1360  0.1190  0.1740  0.1490 
 0.0000  0.0000  0.0000  0.0000  0.0000  0.0000  0.0000  0.0000  0.0000  0.0000  0.0000  0.0000  0.0000  0.0000  0.0000  0.0000  0.0000  0.2460  0.4420  0.4470  0.4090  0.3850  0.4430  0.3650  0.3060  0.3460  0.1450  0.1280  0.1680  0.1390  0.1230  0.1820  0.1440 
 0.0000  0.0000  0.0000  0.0000  0.0000  0.0000  0.0000  0.0000  0.0000  0.0000  0.0000  0.0000  0.0000  0.0000  0.0000  0.0000  0.0000  0.2160  0.3890  0.3980  0.3640  0.3390  0.3640  0.3870  0.3160  0.3160  0.1550  0.1170  0.1770  0.1460  0.1330  0.1600  0.1390 
 0.0000  0.0000  0.0000  0.0000  0.0000  0.0000  0.0000  0.0000  0.0000  0.0000  0.0000  0.0000  0.0000  0.0000  0.0000  0.0000  0.0000  0.0990  0.1760  0.1790  0.1650  0.1560  0.1660  0.1250  0.2410  0.1750  0.1090  0.0710  0.1250  0.1300  0.1140  0.0820  0.0500 
 0.0000  0.0000  0.0000  0.0000  0.0000  0.0000  0.0000  0.0000  0.0000  0.0000  0.0000  0.0000  0.0000  0.0000  0.0000  0.0000  0.0000  0.1440  0.2680  0.2710  0.2450  0.2280  0.2450  0.1960  0.1090  0.3170  0.1410  0.1110  0.1350  0.1170  0.1110  0.1210  0.1100 
 0.0000  0.0000  0.0000  0.0000  0.0000  0.0000  0.0000  0.0000  0.0000  0.0000  0.0000  0.0000  0.0000  0.0000  0.0000  0.0000  0.0000 -0.2310 -0.4040 -0.4120 -0.3890 -0.3760 -0.4000 -0.3620 -0.3630 -0.4170 -0.2620 -0.1850 -0.2580 -0.2380 -0.2210 -0.1680 -0.1630 
 0.0000  0.0000  0.0000  0.0000  0.0000  0.0000  0.0000  0.0000  0.0000  0.0000  0.0000  0.0000  0.0000  0.0000  0.0000  0.0000  0.0000 -0.0150 -0.0230 -0.0270 -0.0290 -0.0390 -0.0330 -0.0570 -0.0790 -0.0780 -0.1170 -0.0490 -0.0660 -0.0830 -0.0850 -0.0040 -0.0220 
 0.0000  0.0000  0.0000  0.0000  0.0000  0.0000  0.0000  0.0000  0.0000  0.0000  0.0000  0.0000  0.0000  0.0000  0.0000  0.0000  0.0000 -0.1130 -0.1940 -0.2060 -0.1960 -0.1940 -0.2030 -0.2060 -0.2080 -0.2410 -0.2460 -0.1950 -0.2010 -0.2100 -0.2070 -0.0910 -0.1270 
 0.0000  0.0000  0.0000  0.0000  0.0000  0.0000  0.0000  0.0000  0.0000  0.0000  0.0000  0.0000  0.0000  0.0000  0.0000  0.0000  0.0000 -0.1040 -0.1870 -0.1930 -0.1820 -0.1840 -0.1950 -0.1920 -0.1970 -0.2330 -0.2520 -0.1880 -0.2250 -0.2250 -0.2220 -0.0860 -0.1300 
 0.0000  0.0000  0.0000  0.0000  0.0000  0.0000  0.0000  0.0000  0.0000  0.0000  0.0000  0.0000  0.0000  0.0000  0.0000  0.0000  0.0000 -0.0940 -0.1650 -0.1670 -0.1630 -0.1640 -0.1680 -0.1710 -0.1710 -0.1920 -0.2070 -0.1520 -0.1950 -0.1970 -0.1860 -0.0550 -0.1250 
 0.0000  0.0000  0.0000  0.0000  0.0000  0.0000  0.0000  0.0000  0.0000  0.0000  0.0000  0.0000  0.0000  0.0000  0.0000  0.0000  0.0000 -0.0040 -0.0080 -0.0120 -0.0150 -0.0190 -0.0160 -0.0320 -0.0240 -0.0340 -0.0770 -0.0690 -0.0970 -0.1110 -0.0840  0.0140 -0.1340 
 0.0000  0.0000  0.0000  0.0000  0.0000  0.0000  0.0000  0.0000  0.0000  0.0000  0.0000  0.0000  0.0000  0.0000  0.0000  0.0000  0.0000 -0.0450 -0.0800 -0.0870 -0.0790 -0.0810 -0.0830 -0.0890 -0.0620 -0.0790 -0.0810 -0.0940 -0.1010 -0.1090 -0.0630 -0.0440 -0.2590 
