 1.0000  0.9740  0.9110  0.8250  0.7090  0.6800  0.7560  0.7230  0.6450  0.6900  0.6950  0.5210  0.4700  0.5030  0.5200  0.4910  0.0000  0.0000  0.0000  0.0000  0.0000  0.0000  0.0000  0.0000  0.0000  0.0000  0.0000  0.0000  0.0000  0.0000  0.0000  0.0000  0.0000 
 0.9740  1.0000  0.9700  0.9130  0.8120  0.7750  0.8200  0.7540  0.6700  0.7280  0.7510  0.6090  0.5530  0.5860  0.5920  0.5200  0.0000  0.0000  0.0000  0.0000  0.0000  0.0000  0.0000  0.0000  0.0000  0.0000  0.0000  0.0000  0.0000  0.0000  0.0000  0.0000  0.0000 
 0.9110  0.9700  1.0000  0.9740  0.8990  0.8600  0.8590  0.7620  0.6740  0.7380  0.7870  0.6950  0.6300  0.6610  0.6550  0.5350  0.0000  0.0000  0.0000  0.0000  0.0000  0.0000  0.0000  0.0000  0.0000  0.0000  0.0000  0.0000  0.0000  0.0000  0.0000  0.0000  0.0000 
 0.8250  0.9130  0.9740  1.0000  0.9530  0.9160  0.8840  0.7620  0.6740  0.7400  0.8010  0.7520  0.6870  0.7080  0.6870  0.5230  0.0000  0.0000  0.0000  0.0000  0.0000  0.0000  0.0000  0.0000  0.0000  0.0000  0.0000  0.0000  0.0000  0.0000  0.0000  0.0000  0.0000 
 0.7090  0.8120  0.8990  0.9530  1.0000  0.9850  0.9380  0.8210  0.7430  0.7800  0.8270  0.8160  0.7560  0.7580  0.7060  0.5000  0.0000  0.0000  0.0000  0.0000  0.0000  0.0000  0.0000  0.0000  0.0000  0.0000  0.0000  0.0000  0.0000  0.0000  0.0000  0.0000  0.0000 
 0.6800  0.7750  0.8600  0.9160  0.9850  1.0000  0.9590  0.8570  0.7890  0.8120  0.8430  0.8260  0.7690  0.7710  0.7190  0.5190  0.0000  0.0000  0.0000  0.0000  0.0000  0.0000  0.0000  0.0000  0.0000  0.0000  0.0000  0.0000  0.0000  0.0000  0.0000  0.0000  0.0000 
 0.7560  0.8200  0.8590  0.8840  0.9380  0.9590  1.0000  0.9530  0.9070  0.9160  0.8880  0.7840  0.7390  0.7540  0.7220  0.5950  0.0000  0.0000  0.0000  0.0000  0.0000  0.0000  0.0000  0.0000  0.0000  0.0000  0.0000  0.0000  0.0000  0.0000  0.0000  0.0000  0.0000 
 0.7230  0.7540  0.7620  0.7620  0.8210  0.8570  0.9530  1.0000  0.9830  0.9500  0.8510  0.6750  0.6520  0.6670  0.6430  0.5870  0.0000  0.0000  0.0000  0.0000  0.0000  0.0000  0.0000  0.0000  0.0000  0.0000  0.0000  0.0000  0.0000  0.0000  0.0000  0.0000  0.0000 
 0.6450  0.6700  0.6740  0.6740  0.7430  0.7890  0.9070  0.9830  1.0000  0.9470  0.8220  0.6370  0.6260  0.6380  0.6110  0.5880  0.0000  0.0000  0.0000  0.0000  0.0000  0.0000  0.0000  0.0000  0.0000  0.0000  0.0000  0.0000  0.0000  0.0000  0.0000  0.0000  0.0000 
 0.6900  0.7280  0.7380  0.7400  0.7800  0.8120  0.9160  0.9500  0.9470  1.0000  0.9430  0.7720  0.7710  0.8130  0.8120  0.7890  0.0000  0.0000  0.0000  0.0000  0.0000  0.0000  0.0000  0.0000  0.0000  0.0000  0.0000  0.0000  0.0000  0.0000  0.0000  0.0000  0.0000 
 0.6950  0.7510  0.7870  0.8010  0.8270  0.8430  0.8880  0.8510  0.8220  0.9430  1.0000  0.9000  0.8780  0.9280  0.9320  0.8730  0.0000  0.0000  0.0000  0.0000  0.0000  0.0000  0.0000  0.0000  0.0000  0.0000  0.0000  0.0000  0.0000  0.0000  0.0000  0.0000  0.0000 
 0.5210  0.6090  0.6950  0.7520  0.8160  0.8260  0.7840  0.6750  0.6370  0.7720  0.9000  1.0000  0.9630  0.9530  0.8880  0.7370  0.0000  0.0000  0.0000  0.0000  0.0000  0.0000  0.0000  0.0000  0.0000  0.0000  0.0000  0.0000  0.0000  0.0000  0.0000  0.0000  0.0000 
 0.4700  0.5530  0.6300  0.6870  0.7560  0.7690  0.7390  0.6520  0.6260  0.7710  0.8780  0.9630  1.0000  0.9690  0.8940  0.7460  0.0000  0.0000  0.0000  0.0000  0.0000  0.0000  0.0000  0.0000  0.0000  0.0000  0.0000  0.0000  0.0000  0.0000  0.0000  0.0000  0.0000 
 0.5030  0.5860  0.6610  0.7080  0.7580  0.7710  0.7540  0.6670  0.6380  0.8130  0.9280  0.9530  0.9690  1.0000  0.9640  0.8510  0.0000  0.0000  0.0000  0.0000  0.0000  0.0000  0.0000  0.0000  0.0000  0.0000  0.0000  0.0000  0.0000  0.0000  0.0000  0.0000  0.0000 
 0.5200  0.5920  0.6550  0.6870  0.7060  0.7190  0.7220  0.6430  0.6110  0.8120  0.9320  0.8880  0.8940  0.9640  1.0000  0.9320  0.0000  0.0000  0.0000  0.0000  0.0000  0.0000  0.0000  0.0000  0.0000  0.0000  0.0000  0.0000  0.0000  0.0000  0.0000  0.0000  0.0000 
 0.4910  0.5200  0.5350  0.5230  0.5000  0.5190  0.5950  0.5870  0.5880  0.7890  0.8730  0.7370  0.7460  0.8510  0.9320  1.0000  0.0300  0.0290  0.0280  0.0280  0.0280  0.0260  0.0280  0.0260  0.0290  0.0280  0.0290  0.0150  0.0280  0.0290  0.0200  0.0280  0.0280 
 0.0000  0.0000  0.0000  0.0000  0.0000  0.0000  0.0000  0.0000  0.0000  0.0000  0.0000  0.0000  0.0000  0.0000  0.0000  0.0300  1.0000  0.9080  0.8790  0.8740  0.8560  0.7990  0.8620  0.7950  0.8810  0.8700  0.8610  0.4920  0.8400  0.8450  0.6220  0.8680  0.8750 
 0.0000  0.0000  0.0000  0.0000  0.0000  0.0000  0.0000  0.0000  0.0000  0.0000  0.0000  0.0000  0.0000  0.0000  0.0000  0.0290  0.9080  1.0000  0.8640  0.8560  0.8380  0.7830  0.8430  0.7770  0.8610  0.8500  0.8410  0.4800  0.8210  0.8280  0.6070  0.8510  0.8570 
 0.0000  0.0000  0.0000  0.0000  0.0000  0.0000  0.0000  0.0000  0.0000  0.0000  0.0000  0.0000  0.0000  0.0000  0.0000  0.0280  0.8790  0.8640  1.0000  0.8620  0.8160  0.7620  0.8210  0.7590  0.8380  0.8270  0.8190  0.4680  0.7990  0.8060  0.5900  0.8270  0.8330 
 0.0000  0.0000  0.0000  0.0000  0.0000  0.0000  0.0000  0.0000  0.0000  0.0000  0.0000  0.0000  0.0000  0.0000  0.0000  0.0280  0.8740  0.8560  0.8620  1.0000  0.8330  0.7570  0.8160  0.7530  0.8340  0.8210  0.8130  0.4640  0.7950  0.8010  0.5880  0.8230  0.8290 
 0.0000  0.0000  0.0000  0.0000  0.0000  0.0000  0.0000  0.0000  0.0000  0.0000  0.0000  0.0000  0.0000  0.0000  0.0000  0.0280  0.8560  0.8380  0.8160  0.8330  1.0000  0.7650  0.8000  0.7380  0.8180  0.8060  0.8000  0.4580  0.7800  0.7860  0.5760  0.8040  0.8110 
 0.0000  0.0000  0.0000  0.0000  0.0000  0.0000  0.0000  0.0000  0.0000  0.0000  0.0000  0.0000  0.0000  0.0000  0.0000  0.0260  0.7990  0.7830  0.7620  0.7570  0.7650  1.0000  0.7510  0.6900  0.7630  0.7520  0.7460  0.4260  0.7270  0.7330  0.5370  0.7520  0.7570 
 0.0000  0.0000  0.0000  0.0000  0.0000  0.0000  0.0000  0.0000  0.0000  0.0000  0.0000  0.0000  0.0000  0.0000  0.0000  0.0280  0.8620  0.8430  0.8210  0.8160  0.8000  0.7510  1.0000  0.7430  0.8240  0.8130  0.8030  0.4580  0.7850  0.7870  0.5810  0.8120  0.8170 
 0.0000  0.0000  0.0000  0.0000  0.0000  0.0000  0.0000  0.0000  0.0000  0.0000  0.0000  0.0000  0.0000  0.0000  0.0000  0.0260  0.7950  0.7770  0.7590  0.7530  0.7380  0.6900  0.7430  1.0000  0.7590  0.7480  0.7410  0.4250  0.7280  0.7320  0.5350  0.7470  0.7530 
 0.0000  0.0000  0.0000  0.0000  0.0000  0.0000  0.0000  0.0000  0.0000  0.0000  0.0000  0.0000  0.0000  0.0000  0.0000  0.0290  0.8810  0.8610  0.8380  0.8340  0.8180  0.7630  0.8240  0.7590  1.0000  0.8340  0.8220  0.4700  0.8040  0.8090  0.5930  0.8280  0.8340 
 0.0000  0.0000  0.0000  0.0000  0.0000  0.0000  0.0000  0.0000  0.0000  0.0000  0.0000  0.0000  0.0000  0.0000  0.0000  0.0280  0.8700  0.8500  0.8270  0.8210  0.8060  0.7520  0.8130  0.7480  0.8340  1.0000  0.8090  0.4640  0.8060  0.8010  0.5900  0.8160  0.8230 
 0.0000  0.0000  0.0000  0.0000  0.0000  0.0000  0.0000  0.0000  0.0000  0.0000  0.0000  0.0000  0.0000  0.0000  0.0000  0.0290  0.8610  0.8410  0.8190  0.8130  0.8000  0.7460  0.8030  0.7410  0.8220  0.8090  1.0000  0.4700  0.8000  0.7960  0.5800  0.8090  0.8140 
 0.0000  0.0000  0.0000  0.0000  0.0000  0.0000  0.0000  0.0000  0.0000  0.0000  0.0000  0.0000  0.0000  0.0000  0.0000  0.0150  0.4920  0.4800  0.4680  0.4640  0.4580  0.4260  0.4580  0.4250  0.4700  0.4640  0.4700  1.0000  0.6830  0.4880  0.3270  0.4610  0.4650 
 0.0000  0.0000  0.0000  0.0000  0.0000  0.0000  0.0000  0.0000  0.0000  0.0000  0.0000  0.0000  0.0000  0.0000  0.0000  0.0280  0.8400  0.8210  0.7990  0.7950  0.7800  0.7270  0.7850  0.7280  0.8040  0.8060  0.8000  0.6830  1.0000  0.8440  0.5920  0.7830  0.7960 
 0.0000  0.0000  0.0000  0.0000  0.0000  0.0000  0.0000  0.0000  0.0000  0.0000  0.0000  0.0000  0.0000  0.0000  0.0000  0.0290  0.8450  0.8280  0.8060  0.8010  0.7860  0.7330  0.7870  0.7320  0.8090  0.8010  0.7960  0.4880  0.8440  1.0000  0.6870  0.7940  0.8040 
 0.0000  0.0000  0.0000  0.0000  0.0000  0.0000  0.0000  0.0000  0.0000  0.0000  0.0000  0.0000  0.0000  0.0000  0.0000  0.0200  0.6220  0.6070  0.5900  0.5880  0.5760  0.5370  0.5810  0.5350  0.5930  0.5900  0.5800  0.3270  0.5920  0.6870  1.0000  0.6340  0.5960 
 0.0000  0.0000  0.0000  0.0000  0.0000  0.0000  0.0000  0.0000  0.0000  0.0000  0.0000  0.0000  0.0000  0.0000  0.0000  0.0280  0.8680  0.8510  0.8270  0.8230  0.8040  0.7520  0.8120  0.7470  0.8280  0.8160  0.8090  0.4610  0.7830  0.7940  0.6340  1.0000  0.8250 
 0.0000  0.0000  0.0000  0.0000  0.0000  0.0000  0.0000  0.0000  0.0000  0.0000  0.0000  0.0000  0.0000  0.0000  0.0000  0.0280  0.8750  0.8570  0.8330  0.8290  0.8110  0.7570  0.8170  0.7530  0.8340  0.8230  0.8140  0.4650  0.7960  0.8040  0.5960  0.8250  1.0000 
