 1.0000  0.8000  0.8410  0.7990  0.8320  0.7920  0.0000  0.0000  0.0000  0.0000  0.0000  0.0000  0.0000  0.0000  0.0000  0.0000  0.0000  0.0000  0.0000  0.0000  0.0000  0.0000  0.0000  0.0000  0.0000  0.0000  0.0000  0.0000  0.0000  0.0000  0.0000  0.0000  0.0000 
 0.8000  1.0000  0.9350  0.7990  0.8320  0.7920  0.0000  0.0000  0.0000  0.0000  0.0000  0.0000  0.0000  0.0000  0.0000  0.0000  0.0000  0.0000  0.0000  0.0000  0.0000  0.0000  0.0000  0.0000  0.0000  0.0000  0.0000  0.0000  0.0000  0.0000  0.0000  0.0000  0.0000 
 0.8410  0.9350  1.0000  0.9580  0.9080  0.8350  0.0000  0.0000  0.0000  0.0000  0.0000  0.0000  0.0000  0.0000  0.0000  0.0000  0.0000  0.0000  0.0000  0.0000  0.0000  0.0000  0.0000  0.0000  0.0000  0.0000  0.0000  0.0000  0.0000  0.0000  0.0000  0.0000  0.0000 
 0.7990  0.7990  0.9580  1.0000  0.8860  0.7930  0.0000  0.0000  0.0000  0.0000  0.0000  0.0000  0.0000  0.0000  0.0000  0.0000  0.0000  0.0000  0.0000  0.0000  0.0000  0.0000  0.0000  0.0000  0.0000  0.0000  0.0000  0.0000  0.0000  0.0000  0.0000  0.0000  0.0000 
 0.8320  0.8320  0.9080  0.8860  1.0000  0.9810  0.0760  0.0760  0.0760  0.0760  0.0530  0.0000  0.0000  0.0000  0.0000  0.0000  0.0000  0.0000  0.0000  0.0000  0.0000  0.0000  0.0000  0.0000  0.0000  0.0000  0.0000  0.0000  0.0000  0.0000  0.0000  0.0000  0.0000 
 0.7920  0.7920  0.8350  0.7930  0.9810  1.0000  0.1610  0.1610  0.1610  0.1610  0.1180  0.0080  0.0080  0.0080  0.0080  0.0080  0.0080  0.0080  0.0080  0.0080  0.0080  0.0080  0.0080  0.0080  0.0080  0.0080  0.0080  0.0080  0.0080  0.0080  0.0080  0.0080  0.0080 
 0.0000  0.0000  0.0000  0.0000  0.0760  0.1610  1.0000  0.9990  0.9990  0.9990  0.7900  0.1500  0.1500  0.1500  0.1500  0.1500  0.1500  0.1500  0.1500  0.1500  0.1500  0.1500  0.1500  0.1500  0.1500  0.1500  0.1500  0.1500  0.1500  0.1500  0.1500  0.1500  0.1500 
 0.0000  0.0000  0.0000  0.0000  0.0760  0.1610  0.9990  1.0000  0.9990  0.9990  0.7900  0.1500  0.1500  0.1500  0.1500  0.1500  0.1500  0.1500  0.1500  0.1500  0.1500  0.1500  0.1500  0.1500  0.1500  0.1500  0.1500  0.1500  0.1500  0.1500  0.1500  0.1500  0.1500 
 0.0000  0.0000  0.0000  0.0000  0.0760  0.1610  0.9990  0.9990  1.0000  0.9990  0.7900  0.1500  0.1500  0.1500  0.1500  0.1500  0.1500  0.1500  0.1500  0.1500  0.1500  0.1500  0.1500  0.1500  0.1500  0.1500  0.1500  0.1500  0.1500  0.1500  0.1500  0.1500  0.1500 
 0.0000  0.0000  0.0000  0.0000  0.0760  0.1610  0.9990  0.9990  0.9990  1.0000  0.7900  0.1500  0.1500  0.1500  0.1500  0.1500  0.1500  0.1500  0.1500  0.1500  0.1500  0.1500  0.1500  0.1500  0.1500  0.1500  0.1500  0.1500  0.1500  0.1500  0.1500  0.1500  0.1500 
 0.0000  0.0000  0.0000  0.0000  0.0530  0.1180  0.7900  0.7900  0.7900  0.7900  1.0000  0.7200  0.7200  0.7200  0.7200  0.7200  0.7200  0.7200  0.7200  0.7200  0.7200  0.7200  0.7200  0.7200  0.7200  0.7200  0.7200  0.7200  0.7200  0.7200  0.7200  0.7200  0.7200 
 0.0000  0.0000  0.0000  0.0000  0.0000  0.0080  0.1500  0.1500  0.1500  0.1500  0.7200  1.0000  0.9990  0.9990  0.9990  0.9990  0.9990  0.9990  0.9990  0.9990  0.9990  0.9990  0.9990  0.9990  0.9990  0.9990  0.9990  0.9990  0.9990  0.9990  0.9990  0.9990  0.9990 
 0.0000  0.0000  0.0000  0.0000  0.0000  0.0080  0.1500  0.1500  0.1500  0.1500  0.7200  0.9990  1.0000  0.9990  0.9990  0.9990  0.9990  0.9990  0.9990  0.9990  0.9990  0.9990  0.9990  0.9990  0.9990  0.9990  0.9990  0.9990  0.9990  0.9990  0.9990  0.9990  0.9990 
 0.0000  0.0000  0.0000  0.0000  0.0000  0.0080  0.1500  0.1500  0.1500  0.1500  0.7200  0.9990  0.9990  1.0000  0.9990  0.9990  0.9990  0.9990  0.9990  0.9990  0.9990  0.9990  0.9990  0.9990  0.9990  0.9990  0.9990  0.9990  0.9990  0.9990  0.9990  0.9990  0.9990 
 0.0000  0.0000  0.0000  0.0000  0.0000  0.0080  0.1500  0.1500  0.1500  0.1500  0.7200  0.9990  0.9990  0.9990  1.0000  0.9990  0.9990  0.9990  0.9990  0.9990  0.9990  0.9990  0.9990  0.9990  0.9990  0.9990  0.9990  0.9990  0.9990  0.9990  0.9990  0.9990  0.9990 
 0.0000  0.0000  0.0000  0.0000  0.0000  0.0080  0.1500  0.1500  0.1500  0.1500  0.7200  0.9990  0.9990  0.9990  0.9990  1.0000  0.9990  0.9990  0.9990  0.9990  0.9990  0.9990  0.9990  0.9990  0.9990  0.9990  0.9990  0.9990  0.9990  0.9990  0.9990  0.9990  0.9990 
 0.0000  0.0000  0.0000  0.0000  0.0000  0.0080  0.1500  0.1500  0.1500  0.1500  0.7200  0.9990  0.9990  0.9990  0.9990  0.9990  1.0000  0.9990  0.9990  0.9990  0.9990  0.9990  0.9990  0.9990  0.9990  0.9990  0.9990  0.9990  0.9990  0.9990  0.9990  0.9990  0.9990 
 0.0000  0.0000  0.0000  0.0000  0.0000  0.0080  0.1500  0.1500  0.1500  0.1500  0.7200  0.9990  0.9990  0.9990  0.9990  0.9990  0.9990  1.0000  0.9990  0.9990  0.9990  0.9990  0.9990  0.9990  0.9990  0.9990  0.9990  0.9990  0.9990  0.9990  0.9990  0.9990  0.9990 
 0.0000  0.0000  0.0000  0.0000  0.0000  0.0080  0.1500  0.1500  0.1500  0.1500  0.7200  0.9990  0.9990  0.9990  0.9990  0.9990  0.9990  0.9990  1.0000  0.9990  0.9990  0.9990  0.9990  0.9990  0.9990  0.9990  0.9990  0.9990  0.9990  0.9990  0.9990  0.9990  0.9990 
 0.0000  0.0000  0.0000  0.0000  0.0000  0.0080  0.1500  0.1500  0.1500  0.1500  0.7200  0.9990  0.9990  0.9990  0.9990  0.9990  0.9990  0.9990  0.9990  1.0000  0.9990  0.9990  0.9990  0.9990  0.9990  0.9990  0.9990  0.9990  0.9990  0.9990  0.9990  0.9990  0.9990 
 0.0000  0.0000  0.0000  0.0000  0.0000  0.0080  0.1500  0.1500  0.1500  0.1500  0.7200  0.9990  0.9990  0.9990  0.9990  0.9990  0.9990  0.9990  0.9990  0.9990  1.0000  0.9990  0.9990  0.9990  0.9990  0.9990  0.9990  0.9990  0.9990  0.9990  0.9990  0.9990  0.9990 
 0.0000  0.0000  0.0000  0.0000  0.0000  0.0080  0.1500  0.1500  0.1500  0.1500  0.7200  0.9990  0.9990  0.9990  0.9990  0.9990  0.9990  0.9990  0.9990  0.9990  0.9990  1.0000  0.9990  0.9990  0.9990  0.9990  0.9990  0.9990  0.9990  0.9990  0.9990  0.9990  0.9990 
 0.0000  0.0000  0.0000  0.0000  0.0000  0.0080  0.1500  0.1500  0.1500  0.1500  0.7200  0.9990  0.9990  0.9990  0.9990  0.9990  0.9990  0.9990  0.9990  0.9990  0.9990  0.9990  1.0000  0.9990  0.9990  0.9990  0.9990  0.9990  0.9990  0.9990  0.9990  0.9990  0.9990 
 0.0000  0.0000  0.0000  0.0000  0.0000  0.0080  0.1500  0.1500  0.1500  0.1500  0.7200  0.9990  0.9990  0.9990  0.9990  0.9990  0.9990  0.9990  0.9990  0.9990  0.9990  0.9990  0.9990  1.0000  0.9990  0.9990  0.9990  0.9990  0.9990  0.9990  0.9990  0.9990  0.9990 
 0.0000  0.0000  0.0000  0.0000  0.0000  0.0080  0.1500  0.1500  0.1500  0.1500  0.7200  0.9990  0.9990  0.9990  0.9990  0.9990  0.9990  0.9990  0.9990  0.9990  0.9990  0.9990  0.9990  0.9990  1.0000  0.9990  0.9990  0.9990  0.9990  0.9990  0.9990  0.9990  0.9990 
 0.0000  0.0000  0.0000  0.0000  0.0000  0.0080  0.1500  0.1500  0.1500  0.1500  0.7200  0.9990  0.9990  0.9990  0.9990  0.9990  0.9990  0.9990  0.9990  0.9990  0.9990  0.9990  0.9990  0.9990  0.9990  1.0000  0.9990  0.9990  0.9990  0.9990  0.9990  0.9990  0.9990 
 0.0000  0.0000  0.0000  0.0000  0.0000  0.0080  0.1500  0.1500  0.1500  0.1500  0.7200  0.9990  0.9990  0.9990  0.9990  0.9990  0.9990  0.9990  0.9990  0.9990  0.9990  0.9990  0.9990  0.9990  0.9990  0.9990  1.0000  0.9990  0.9990  0.9990  0.9990  0.9990  0.9990 
 0.0000  0.0000  0.0000  0.0000  0.0000  0.0080  0.1500  0.1500  0.1500  0.1500  0.7200  0.9990  0.9990  0.9990  0.9990  0.9990  0.9990  0.9990  0.9990  0.9990  0.9990  0.9990  0.9990  0.9990  0.9990  0.9990  0.9990  1.0000  0.9990  0.9990  0.9990  0.9990  0.9990 
 0.0000  0.0000  0.0000  0.0000  0.0000  0.0080  0.1500  0.1500  0.1500  0.1500  0.7200  0.9990  0.9990  0.9990  0.9990  0.9990  0.9990  0.9990  0.9990  0.9990  0.9990  0.9990  0.9990  0.9990  0.9990  0.9990  0.9990  0.9990  1.0000  0.9990  0.9990  0.9990  0.9990 
 0.0000  0.0000  0.0000  0.0000  0.0000  0.0080  0.1500  0.1500  0.1500  0.1500  0.7200  0.9990  0.9990  0.9990  0.9990  0.9990  0.9990  0.9990  0.9990  0.9990  0.9990  0.9990  0.9990  0.9990  0.9990  0.9990  0.9990  0.9990  0.9990  1.0000  0.9990  0.9990  0.9990 
 0.0000  0.0000  0.0000  0.0000  0.0000  0.0080  0.1500  0.1500  0.1500  0.1500  0.7200  0.9990  0.9990  0.9990  0.9990  0.9990  0.9990  0.9990  0.9990  0.9990  0.9990  0.9990  0.9990  0.9990  0.9990  0.9990  0.9990  0.9990  0.9990  0.9990  1.0000  0.9990  0.9990 
 0.0000  0.0000  0.0000  0.0000  0.0000  0.0080  0.1500  0.1500  0.1500  0.1500  0.7200  0.9990  0.9990  0.9990  0.9990  0.9990  0.9990  0.9990  0.9990  0.9990  0.9990  0.9990  0.9990  0.9990  0.9990  0.9990  0.9990  0.9990  0.9990  0.9990  0.9990  1.0000  0.9990 
 0.0000  0.0000  0.0000  0.0000  0.0000  0.0080  0.1500  0.1500  0.1500  0.1500  0.7200  0.9990  0.9990  0.9990  0.9990  0.9990  0.9990  0.9990  0.9990  0.9990  0.9990  0.9990  0.9990  0.9990  0.9990  0.9990  0.9990  0.9990  0.9990  0.9990  0.9990  0.9990  1.0000 
