 1.0000  0.9490  0.9070  0.7800  0.5280  0.3460  0.1280  0.1280  0.1280  0.1280  0.1040  0.0950  0.0950  0.0950  0.0940  0.0920  0.0920  0.0920  0.0920  0.0920  0.0920  0.0920  0.0920  0.0920  0.0920  0.0920  0.0920  0.0920  0.0920  0.0920  0.0920  0.0920  0.0920 
 0.9490  1.0000  0.9870  0.9270  0.7560  0.6080  0.4170  0.4170  0.4170  0.4170  0.3920  0.3850  0.3850  0.3850  0.3860  0.3840  0.3840  0.3840  0.3840  0.3830  0.3830  0.3830  0.3830  0.3830  0.3830  0.3830  0.3830  0.3830  0.3830  0.3830  0.3830  0.3830  0.3830 
 0.9070  0.9870  1.0000  0.9660  0.8300  0.7020  0.5260  0.5260  0.5260  0.5260  0.5070  0.4980  0.4980  0.4980  0.4980  0.4940  0.4940  0.4940  0.4940  0.4950  0.4940  0.4940  0.4940  0.4940  0.4940  0.4940  0.4940  0.4940  0.4940  0.4940  0.4940  0.4940  0.4940 
 0.7800  0.9270  0.9660  1.0000  0.9400  0.8530  0.7160  0.7160  0.7160  0.7160  0.6990  0.6920  0.6920  0.6920  0.6920  0.6900  0.6900  0.6900  0.6900  0.6900  0.6900  0.6900  0.6900  0.6900  0.6900  0.6900  0.6900  0.6900  0.6900  0.6900  0.6900  0.6900  0.6900 
 0.5280  0.7560  0.8300  0.9400  1.0000  0.9750  0.9060  0.9060  0.9060  0.9060  0.8950  0.8920  0.8920  0.8920  0.8920  0.8900  0.8900  0.8900  0.8900  0.8900  0.8890  0.8890  0.8890  0.8890  0.8890  0.8890  0.8890  0.8890  0.8890  0.8890  0.8890  0.8890  0.8890 
 0.3460  0.6080  0.7020  0.8530  0.9750  1.0000  0.9720  0.9720  0.9720  0.9720  0.9650  0.9630  0.9630  0.9630  0.9630  0.9630  0.9630  0.9630  0.9630  0.9620  0.9640  0.9640  0.9640  0.9640  0.9640  0.9640  0.9640  0.9640  0.9640  0.9640  0.9640  0.9640  0.9640 
 0.1280  0.4170  0.5260  0.7160  0.9060  0.9720  1.0000  0.9990  0.9990  0.9990  0.9960  0.9960  0.9960  0.9960  0.9950  0.9960  0.9960  0.9960  0.9960  0.9950  0.9950  0.9950  0.9950  0.9950  0.9950  0.9950  0.9950  0.9950  0.9950  0.9950  0.9950  0.9950  0.9950 
 0.1280  0.4170  0.5260  0.7160  0.9060  0.9720  0.9990  1.0000  0.9990  0.9990  0.9960  0.9960  0.9960  0.9960  0.9950  0.9960  0.9960  0.9960  0.9960  0.9950  0.9950  0.9950  0.9950  0.9950  0.9950  0.9950  0.9950  0.9950  0.9950  0.9950  0.9950  0.9950  0.9950 
 0.1280  0.4170  0.5260  0.7160  0.9060  0.9720  0.9990  0.9990  1.0000  0.9990  0.9960  0.9960  0.9960  0.9960  0.9950  0.9960  0.9960  0.9960  0.9960  0.9950  0.9950  0.9950  0.9950  0.9950  0.9950  0.9950  0.9950  0.9950  0.9950  0.9950  0.9950  0.9950  0.9950 
 0.1280  0.4170  0.5260  0.7160  0.9060  0.9720  0.9990  0.9990  0.9990  1.0000  0.9960  0.9960  0.9960  0.9960  0.9950  0.9960  0.9960  0.9960  0.9960  0.9950  0.9950  0.9950  0.9950  0.9950  0.9950  0.9950  0.9950  0.9950  0.9950  0.9950  0.9950  0.9950  0.9950 
 0.1040  0.3920  0.5070  0.6990  0.8950  0.9650  0.9960  0.9960  0.9960  0.9960  1.0000  0.9960  0.9960  0.9960  0.9970  0.9960  0.9960  0.9960  0.9960  0.9970  0.9950  0.9950  0.9950  0.9950  0.9950  0.9950  0.9950  0.9950  0.9950  0.9950  0.9950  0.9950  0.9950 
 0.0950  0.3850  0.4980  0.6920  0.8920  0.9630  0.9960  0.9960  0.9960  0.9960  0.9960  1.0000  0.9990  0.9990  0.9950  0.9950  0.9950  0.9950  0.9950  0.9950  0.9950  0.9950  0.9950  0.9950  0.9950  0.9950  0.9950  0.9950  0.9950  0.9950  0.9950  0.9950  0.9950 
 0.0950  0.3850  0.4980  0.6920  0.8920  0.9630  0.9960  0.9960  0.9960  0.9960  0.9960  0.9990  1.0000  0.9990  0.9950  0.9950  0.9950  0.9950  0.9950  0.9950  0.9950  0.9950  0.9950  0.9950  0.9950  0.9950  0.9950  0.9950  0.9950  0.9950  0.9950  0.9950  0.9950 
 0.0950  0.3850  0.4980  0.6920  0.8920  0.9630  0.9960  0.9960  0.9960  0.9960  0.9960  0.9990  0.9990  1.0000  0.9950  0.9950  0.9950  0.9950  0.9950  0.9950  0.9950  0.9950  0.9950  0.9950  0.9950  0.9950  0.9950  0.9950  0.9950  0.9950  0.9950  0.9950  0.9950 
 0.0940  0.3860  0.4980  0.6920  0.8920  0.9630  0.9950  0.9950  0.9950  0.9950  0.9970  0.9950  0.9950  0.9950  1.0000  0.9960  0.9960  0.9960  0.9960  0.9970  0.9950  0.9950  0.9950  0.9950  0.9950  0.9950  0.9950  0.9950  0.9950  0.9950  0.9950  0.9950  0.9950 
 0.0920  0.3840  0.4940  0.6900  0.8900  0.9630  0.9960  0.9960  0.9960  0.9960  0.9960  0.9950  0.9950  0.9950  0.9960  1.0000  0.9990  0.9990  0.9990  0.9960  0.9970  0.9970  0.9970  0.9970  0.9970  0.9970  0.9970  0.9970  0.9970  0.9970  0.9970  0.9970  0.9970 
 0.0920  0.3840  0.4940  0.6900  0.8900  0.9630  0.9960  0.9960  0.9960  0.9960  0.9960  0.9950  0.9950  0.9950  0.9960  0.9990  1.0000  0.9990  0.9990  0.9960  0.9970  0.9970  0.9970  0.9970  0.9970  0.9970  0.9970  0.9970  0.9970  0.9970  0.9970  0.9970  0.9970 
 0.0920  0.3840  0.4940  0.6900  0.8900  0.9630  0.9960  0.9960  0.9960  0.9960  0.9960  0.9950  0.9950  0.9950  0.9960  0.9990  0.9990  1.0000  0.9990  0.9960  0.9970  0.9970  0.9970  0.9970  0.9970  0.9970  0.9970  0.9970  0.9970  0.9970  0.9970  0.9970  0.9970 
 0.0920  0.3840  0.4940  0.6900  0.8900  0.9630  0.9960  0.9960  0.9960  0.9960  0.9960  0.9950  0.9950  0.9950  0.9960  0.9990  0.9990  0.9990  1.0000  0.9960  0.9970  0.9970  0.9970  0.9970  0.9970  0.9970  0.9970  0.9970  0.9970  0.9970  0.9970  0.9970  0.9970 
 0.0920  0.3830  0.4950  0.6900  0.8900  0.9620  0.9950  0.9950  0.9950  0.9950  0.9970  0.9950  0.9950  0.9950  0.9970  0.9960  0.9960  0.9960  0.9960  1.0000  0.9960  0.9960  0.9960  0.9960  0.9960  0.9960  0.9960  0.9960  0.9960  0.9960  0.9960  0.9960  0.9960 
 0.0920  0.3830  0.4940  0.6900  0.8890  0.9640  0.9950  0.9950  0.9950  0.9950  0.9950  0.9950  0.9950  0.9950  0.9950  0.9970  0.9970  0.9970  0.9970  0.9960  1.0000  0.9990  0.9990  0.9990  0.9990  0.9990  0.9990  0.9990  0.9990  0.9990  0.9990  0.9990  0.9990 
 0.0920  0.3830  0.4940  0.6900  0.8890  0.9640  0.9950  0.9950  0.9950  0.9950  0.9950  0.9950  0.9950  0.9950  0.9950  0.9970  0.9970  0.9970  0.9970  0.9960  0.9990  1.0000  0.9990  0.9990  0.9990  0.9990  0.9990  0.9990  0.9990  0.9990  0.9990  0.9990  0.9990 
 0.0920  0.3830  0.4940  0.6900  0.8890  0.9640  0.9950  0.9950  0.9950  0.9950  0.9950  0.9950  0.9950  0.9950  0.9950  0.9970  0.9970  0.9970  0.9970  0.9960  0.9990  0.9990  1.0000  0.9990  0.9990  0.9990  0.9990  0.9990  0.9990  0.9990  0.9990  0.9990  0.9990 
 0.0920  0.3830  0.4940  0.6900  0.8890  0.9640  0.9950  0.9950  0.9950  0.9950  0.9950  0.9950  0.9950  0.9950  0.9950  0.9970  0.9970  0.9970  0.9970  0.9960  0.9990  0.9990  0.9990  1.0000  0.9990  0.9990  0.9990  0.9990  0.9990  0.9990  0.9990  0.9990  0.9990 
 0.0920  0.3830  0.4940  0.6900  0.8890  0.9640  0.9950  0.9950  0.9950  0.9950  0.9950  0.9950  0.9950  0.9950  0.9950  0.9970  0.9970  0.9970  0.9970  0.9960  0.9990  0.9990  0.9990  0.9990  1.0000  0.9990  0.9990  0.9990  0.9990  0.9990  0.9990  0.9990  0.9990 
 0.0920  0.3830  0.4940  0.6900  0.8890  0.9640  0.9950  0.9950  0.9950  0.9950  0.9950  0.9950  0.9950  0.9950  0.9950  0.9970  0.9970  0.9970  0.9970  0.9960  0.9990  0.9990  0.9990  0.9990  0.9990  1.0000  0.9990  0.9990  0.9990  0.9990  0.9990  0.9990  0.9990 
 0.0920  0.3830  0.4940  0.6900  0.8890  0.9640  0.9950  0.9950  0.9950  0.9950  0.9950  0.9950  0.9950  0.9950  0.9950  0.9970  0.9970  0.9970  0.9970  0.9960  0.9990  0.9990  0.9990  0.9990  0.9990  0.9990  1.0000  0.9990  0.9990  0.9990  0.9990  0.9990  0.9990 
 0.0920  0.3830  0.4940  0.6900  0.8890  0.9640  0.9950  0.9950  0.9950  0.9950  0.9950  0.9950  0.9950  0.9950  0.9950  0.9970  0.9970  0.9970  0.9970  0.9960  0.9990  0.9990  0.9990  0.9990  0.9990  0.9990  0.9990  1.0000  0.9990  0.9990  0.9990  0.9990  0.9990 
 0.0920  0.3830  0.4940  0.6900  0.8890  0.9640  0.9950  0.9950  0.9950  0.9950  0.9950  0.9950  0.9950  0.9950  0.9950  0.9970  0.9970  0.9970  0.9970  0.9960  0.9990  0.9990  0.9990  0.9990  0.9990  0.9990  0.9990  0.9990  1.0000  0.9990  0.9990  0.9990  0.9990 
 0.0920  0.3830  0.4940  0.6900  0.8890  0.9640  0.9950  0.9950  0.9950  0.9950  0.9950  0.9950  0.9950  0.9950  0.9950  0.9970  0.9970  0.9970  0.9970  0.9960  0.9990  0.9990  0.9990  0.9990  0.9990  0.9990  0.9990  0.9990  0.9990  1.0000  0.9990  0.9990  0.9990 
 0.0920  0.3830  0.4940  0.6900  0.8890  0.9640  0.9950  0.9950  0.9950  0.9950  0.9950  0.9950  0.9950  0.9950  0.9950  0.9970  0.9970  0.9970  0.9970  0.9960  0.9990  0.9990  0.9990  0.9990  0.9990  0.9990  0.9990  0.9990  0.9990  0.9990  1.0000  0.9990  0.9990 
 0.0920  0.3830  0.4940  0.6900  0.8890  0.9640  0.9950  0.9950  0.9950  0.9950  0.9950  0.9950  0.9950  0.9950  0.9950  0.9970  0.9970  0.9970  0.9970  0.9960  0.9990  0.9990  0.9990  0.9990  0.9990  0.9990  0.9990  0.9990  0.9990  0.9990  0.9990  1.0000  0.9990 
 0.0920  0.3830  0.4940  0.6900  0.8890  0.9640  0.9950  0.9950  0.9950  0.9950  0.9950  0.9950  0.9950  0.9950  0.9950  0.9970  0.9970  0.9970  0.9970  0.9960  0.9990  0.9990  0.9990  0.9990  0.9990  0.9990  0.9990  0.9990  0.9990  0.9990  0.9990  0.9990  1.0000 
