 0.0000  0.0000  0.0000  0.0000  0.0000  0.0000  0.0000  0.0000  0.0000  0.0000  0.0000  0.0000  0.0000  0.0000  0.0000  0.0000  0.0000  0.0000  0.0000  0.0000  0.0000  0.0000  0.0000  0.0000  0.0000  0.0000  0.0000  0.0000  0.0000  0.0000  0.0000  0.0000  0.0000 
 0.0000  0.0000  0.0000  0.0000  0.0000  0.0000  0.0000  0.0000  0.0000  0.0000  0.0000  0.0000  0.0000  0.0000  0.0000  0.0000  0.0000  0.0000  0.0000  0.0000  0.0000  0.0000  0.0000  0.0000  0.0000  0.0000  0.0000  0.0000  0.0000  0.0000  0.0000  0.0000  0.0000 
 0.0000  0.0000  0.0000  0.0000  0.0000  0.0000  0.0000  0.0000  0.0000  0.0000  0.0000  0.0000  0.0000  0.0000  0.0000  0.0000  0.0000  0.0000  0.0000  0.0000  0.0000  0.0000  0.0000  0.0000  0.0000  0.0000  0.0000  0.0000  0.0000  0.0000  0.0000  0.0000  0.0000 
 0.0000  0.0000 -0.0040 -0.0050  0.0000  0.0000  0.0000  0.0000  0.0000  0.0000  0.0000  0.0000  0.0000  0.0000  0.0000  0.0000  0.0000  0.0000  0.0000  0.0000  0.0000  0.0000  0.0000  0.0000  0.0000  0.0000  0.0000  0.0000  0.0000  0.0000  0.0000  0.0000  0.0000 
 0.0000 -0.0100  0.0000  0.0000 -0.0210 -0.0200 -0.0190 -0.0140 -0.0020  0.0000  0.0000  0.0000  0.0000  0.0000  0.0000  0.0000  0.0000  0.0000  0.0000  0.0000  0.0000  0.0000  0.0000  0.0000  0.0000  0.0000  0.0000  0.0000  0.0000  0.0000  0.0000  0.0000  0.0000 
 0.0000 -0.0100  0.0300  0.0340 -0.0880 -0.1110 -0.1100 -0.0720 -0.0190 -0.0020  0.0000  0.0000  0.0000  0.0000  0.0000  0.0000  0.0000  0.0000  0.0000  0.0000  0.0000  0.0000  0.0000  0.0000  0.0000  0.0000  0.0000  0.0000  0.0000  0.0000  0.0000  0.0000  0.0000 
 0.0000 -0.0180  0.0560  0.0600 -0.1670 -0.2100 -0.2130 -0.1670 -0.0810 -0.0520 -0.0420 -0.0300 -0.0200 -0.0200 -0.0220 -0.0140  0.0000  0.0000  0.0000  0.0000  0.0000  0.0020  0.0030  0.0000  0.0000  0.0000  0.0000  0.0000  0.0000  0.0000  0.0000  0.0000  0.0000 
 0.0010  0.0000  0.0080 -0.0020 -0.0750 -0.0770 -0.0940 -0.1220 -0.1010 -0.0930 -0.0350 -0.0050  0.0000  0.0000  0.0000 -0.0060 -0.0020  0.0000  0.0000  0.0000  0.0000  0.0050  0.0040  0.0000  0.0000  0.0000  0.0000  0.0000  0.0000  0.0000  0.0000  0.0000  0.0000 
 0.0000  0.0000  0.0000 -0.0100 -0.0240 -0.0140 -0.0240 -0.0630 -0.0790 -0.0760 -0.0090  0.0050  0.0100  0.0100  0.0080  0.0000  0.0000  0.0000  0.0000  0.0000  0.0000  0.0000  0.0000  0.0000  0.0000  0.0000  0.0000  0.0000  0.0000  0.0000  0.0000  0.0000  0.0000 
 0.0000  0.0000  0.0000 -0.0040 -0.0070  0.0000 -0.0030 -0.0330 -0.0490 -0.0490 -0.0150 -0.0040  0.0000  0.0000  0.0000  0.0000  0.0000  0.0000  0.0000  0.0000  0.0000  0.0000  0.0000  0.0000  0.0000  0.0000  0.0000  0.0000  0.0000  0.0000  0.0000  0.0000  0.0000 
 0.0000  0.0000  0.0000  0.0000  0.0000  0.0000 -0.0020 -0.0080 -0.0030 -0.0170 -0.0460 -0.0460 -0.0390 -0.0390 -0.0410 -0.0200  0.0000  0.0010  0.0010  0.0010  0.0030  0.0060  0.0040  0.0000  0.0000  0.0000  0.0000  0.0000  0.0000  0.0000  0.0000  0.0000  0.0000 
 0.0000  0.0000  0.0000  0.0000  0.0000  0.0000 -0.0030  0.0000  0.0040 -0.0080 -0.0590 -0.0660 -0.0630 -0.0630 -0.0610 -0.0330 -0.0020  0.0000  0.0000  0.0000  0.0010  0.0000  0.0000  0.0000  0.0000  0.0000  0.0000  0.0000  0.0000  0.0000  0.0000  0.0000  0.0000 
 0.0000  0.0000  0.0000  0.0000  0.0000  0.0000 -0.0030  0.0000  0.0090  0.0000 -0.0440 -0.0490 -0.0540 -0.0540 -0.0550 -0.0390 -0.0120 -0.0060 -0.0060 -0.0040 -0.0030 -0.0040 -0.0030  0.0000  0.0000  0.0000  0.0000  0.0000  0.0000  0.0000  0.0000  0.0000  0.0000 
 0.0000  0.0000  0.0000  0.0000  0.0000  0.0000 -0.0010  0.0000  0.0090  0.0000 -0.0480 -0.0550 -0.0610 -0.0610 -0.0620 -0.0420 -0.0160 -0.0070 -0.0070 -0.0060 -0.0050 -0.0050 -0.0070  0.0000  0.0000  0.0000  0.0000  0.0000  0.0000  0.0000  0.0000  0.0000  0.0000 
 0.0000  0.0000  0.0000  0.0000  0.0000  0.0000  0.0000  0.0000  0.0080  0.0000 -0.0500 -0.0580 -0.0640 -0.0640 -0.0660 -0.0530 -0.0230 -0.0170 -0.0170 -0.0130 -0.0130 -0.0120 -0.0130  0.0000  0.0000  0.0000  0.0000  0.0000  0.0000  0.0000  0.0000  0.0000  0.0000 
 0.0000  0.0000  0.0000  0.0000  0.0000  0.0000  0.0000  0.0000  0.0000  0.0000 -0.0250 -0.0310 -0.0450 -0.0450 -0.0450 -0.0580 -0.0500 -0.0470 -0.0470 -0.0470 -0.0440 -0.0450 -0.0410  0.0000  0.0000  0.0000  0.0000  0.0000  0.0000  0.0000  0.0000  0.0000  0.0000 
 0.0000  0.0000  0.0000  0.0000  0.0000  0.0000  0.0000  0.0000  0.0000  0.0000  0.0010  0.0000 -0.0230 -0.0230 -0.0280 -0.0600 -0.0750 -0.0730 -0.0730 -0.0730 -0.0710 -0.0710 -0.0710  0.0000  0.0000  0.0000  0.0000  0.0000  0.0000  0.0000  0.0000  0.0000  0.0000 
 0.0000  0.0000  0.0000  0.0000  0.0000  0.0000  0.0000  0.0000  0.0000  0.0000  0.0070  0.0000 -0.0190 -0.0190 -0.0250 -0.0640 -0.0840 -0.0850 -0.0850 -0.0870 -0.0850 -0.0830 -0.0830  0.0000  0.0000  0.0000  0.0000  0.0000  0.0000  0.0000  0.0000  0.0000  0.0000 
 0.0000  0.0000  0.0000  0.0000  0.0000  0.0000  0.0000  0.0000 -0.0010  0.0000  0.0110  0.0020 -0.0220 -0.0220 -0.0300 -0.0770 -0.1020 -0.1000 -0.1000 -0.1020 -0.1040 -0.1020 -0.1030  0.0000  0.0000  0.0000  0.0000  0.0000  0.0000  0.0000  0.0000  0.0000  0.0000 
 0.0000  0.0000  0.0000  0.0000  0.0000  0.0000  0.0000  0.0000  0.0000  0.0000  0.0140  0.0030 -0.0230 -0.0230 -0.0290 -0.0860 -0.1130 -0.1160 -0.1160 -0.1140 -0.1130 -0.1140 -0.1120  0.0000  0.0000  0.0000  0.0000  0.0000  0.0000  0.0000  0.0000  0.0000  0.0000 
 0.0000  0.0000  0.0000  0.0000  0.0000  0.0000  0.0000  0.0000  0.0000  0.0030  0.0200  0.0070 -0.0220 -0.0220 -0.0300 -0.0890 -0.1170 -0.1210 -0.1210 -0.1220 -0.1230 -0.1200 -0.1190  0.0000  0.0000  0.0000  0.0000  0.0000  0.0000  0.0000  0.0000  0.0000  0.0000 
 0.0000  0.0000  0.0000  0.0000  0.0000  0.0000  0.0000  0.0000  0.0000  0.0090  0.0220  0.0050 -0.0180 -0.0180 -0.0270 -0.0800 -0.1120 -0.1180 -0.1180 -0.1150 -0.1160 -0.1150 -0.1160  0.0000  0.0000  0.0000  0.0000  0.0000  0.0000  0.0000  0.0000  0.0000  0.0000 
 0.0000  0.0000  0.0000  0.0000  0.0000  0.0000  0.0000  0.0020  0.0000  0.0120  0.0270  0.0060 -0.0220 -0.0220 -0.0330 -0.0930 -0.1250 -0.1310 -0.1310 -0.1310 -0.1310 -0.1290 -0.1290  0.0000  0.0000  0.0000  0.0000  0.0000  0.0000  0.0000  0.0000  0.0000  0.0000 
 0.0000  0.0000  0.0000  0.0000  0.0000  0.0000  0.0000  0.0000  0.0000  0.0000  0.0000  0.0000  0.0000  0.0000  0.0000  0.0000  0.0000  0.0000  0.0000  0.0000  0.0000  0.0000  0.0000 -0.2260 -0.2210 -0.2240 -0.2260 -0.2200 -0.2020 -0.2080 -0.2260 -0.2250 -0.2250 
 0.0000  0.0000  0.0000  0.0000  0.0000  0.0000  0.0000  0.0000  0.0000  0.0000  0.0000  0.0000  0.0000  0.0000  0.0000  0.0000  0.0000  0.0000  0.0000  0.0000  0.0000  0.0000  0.0000 -0.2200 -0.2150 -0.2180 -0.2200 -0.2140 -0.1960 -0.2030 -0.2210 -0.2190 -0.2200 
 0.0000  0.0000  0.0000  0.0000  0.0000  0.0000  0.0000  0.0000  0.0000  0.0000  0.0000  0.0000  0.0000  0.0000  0.0000  0.0000  0.0000  0.0000  0.0000  0.0000  0.0000  0.0000  0.0000 -0.2390 -0.2340 -0.2390 -0.2400 -0.2330 -0.2130 -0.2210 -0.2380 -0.2400 -0.2400 
 0.0000  0.0000  0.0000  0.0000  0.0000  0.0000  0.0000  0.0000  0.0000  0.0000  0.0000  0.0000  0.0000  0.0000  0.0000  0.0000  0.0000  0.0000  0.0000  0.0000  0.0000  0.0000  0.0000 -0.2580 -0.2540 -0.2570 -0.2560 -0.2520 -0.2290 -0.2390 -0.2570 -0.2560 -0.2600 
 0.0000  0.0000  0.0000  0.0000  0.0000  0.0000  0.0000  0.0000  0.0000  0.0000  0.0000  0.0000  0.0000  0.0000  0.0000  0.0000  0.0000  0.0000  0.0000  0.0000  0.0000  0.0000  0.0000 -0.2610 -0.2580 -0.2640 -0.2610 -0.2560 -0.2330 -0.2450 -0.2620 -0.2620 -0.2630 
 0.0000  0.0000  0.0000  0.0000  0.0000  0.0000  0.0000  0.0000  0.0000  0.0000  0.0000  0.0000  0.0000  0.0000  0.0000  0.0000  0.0000  0.0000  0.0000  0.0000  0.0000  0.0000  0.0000 -0.2640 -0.2610 -0.2640 -0.2630 -0.2580 -0.2370 -0.2480 -0.2660 -0.2640 -0.2650 
 0.0000  0.0000  0.0000  0.0000  0.0000  0.0000  0.0000  0.0000  0.0000  0.0000  0.0000  0.0000  0.0000  0.0000  0.0000  0.0000  0.0000  0.0000  0.0000  0.0000  0.0000  0.0000  0.0000 -0.2750 -0.2700 -0.2750 -0.2760 -0.2680 -0.2460 -0.2550 -0.2750 -0.2730 -0.2760 
 0.0000  0.0000  0.0000  0.0000  0.0000  0.0000  0.0000  0.0000  0.0000  0.0000  0.0000  0.0000  0.0000  0.0000  0.0000  0.0000  0.0000  0.0000  0.0000  0.0000  0.0000  0.0000  0.0000 -0.2940 -0.2910 -0.2960 -0.2940 -0.2860 -0.2630 -0.2740 -0.2960 -0.2940 -0.2940 
 0.0000  0.0000  0.0000  0.0000  0.0000  0.0000  0.0000  0.0000  0.0000  0.0000  0.0000  0.0000  0.0000  0.0000  0.0000  0.0000  0.0000  0.0000  0.0000  0.0000  0.0000  0.0000  0.0000 -0.2990 -0.2940 -0.3000 -0.3000 -0.2910 -0.2670 -0.2770 -0.2990 -0.2970 -0.3000 
 0.0000  0.0000  0.0000  0.0000  0.0000  0.0000  0.0000  0.0000  0.0000  0.0000  0.0000  0.0000  0.0000  0.0000  0.0000  0.0000  0.0000  0.0000  0.0000  0.0000  0.0000  0.0000  0.0000 -0.2990 -0.2950 -0.3000 -0.3000 -0.2910 -0.2700 -0.2790 -0.2990 -0.2990 -0.3010 
