 1.0000  0.7950  0.6890  0.4570  0.3540  0.2990  0.3010  0.0000  0.0000  0.0000  0.0000  0.0000  0.0000  0.0000  0.0000  0.0000  0.0000  0.0000  0.0000  0.0000  0.0000  0.0000  0.0000  0.0000  0.0000  0.0000  0.0000  0.0000  0.0000  0.0000  0.0000  0.0000  0.0000 
 0.7950  1.0000  0.9250  0.7120  0.5550  0.4550  0.4570  0.0800  0.0800  0.0800  0.0000  0.0000  0.0000  0.0000  0.0000  0.0000  0.0000  0.0000  0.0000  0.0000  0.0000  0.0000  0.0000  0.0000  0.0000  0.0000  0.0000  0.0000  0.0000  0.0000  0.0000  0.0000  0.0000 
 0.6890  0.9250  1.0000  0.9180  0.7320  0.5890  0.5890  0.2140  0.2140  0.2140  0.0470  0.0000  0.0000  0.0000  0.0000  0.0000  0.0000  0.0000  0.0000  0.0000  0.0000  0.0000  0.0000  0.0000  0.0000  0.0000  0.0000  0.0000  0.0000  0.0000  0.0000  0.0000  0.0000 
 0.4570  0.7120  0.9180  1.0000  0.8190  0.6590  0.6590  0.3480  0.3480  0.3480  0.1180  0.0260  0.0260  0.0260  0.0260  0.0260  0.0260  0.0260  0.0260  0.0260  0.0260  0.0260  0.0260  0.0260  0.0260  0.0260  0.0260  0.0260  0.0260  0.0260  0.0260  0.0260  0.0260 
 0.3540  0.5550  0.7320  0.8190  1.0000  0.9690  0.9690  0.8100  0.8100  0.8100  0.6600  0.5900  0.5900  0.5900  0.5900  0.5900  0.5900  0.5900  0.5900  0.5900  0.5900  0.5900  0.5900  0.5900  0.5900  0.5900  0.5900  0.5900  0.5900  0.5900  0.5900  0.5900  0.5900 
 0.2990  0.4550  0.5890  0.6590  0.9690  1.0000  0.9980  0.9130  0.9130  0.9130  0.8180  0.7640  0.7640  0.7640  0.7640  0.7640  0.7640  0.7640  0.7640  0.7640  0.7640  0.7640  0.7640  0.7640  0.7640  0.7640  0.7640  0.7640  0.7640  0.7640  0.7640  0.7640  0.7640 
 0.3010  0.4570  0.5890  0.6590  0.9690  0.9980  1.0000  0.9130  0.9130  0.9130  0.8180  0.7650  0.7650  0.7650  0.7650  0.7650  0.7650  0.7650  0.7650  0.7650  0.7650  0.7650  0.7650  0.7650  0.7650  0.7650  0.7650  0.7650  0.7650  0.7650  0.7650  0.7650  0.7650 
 0.0000  0.0800  0.2140  0.3480  0.8100  0.9130  0.9130  1.0000  0.9990  0.9990  0.9590  0.9160  0.9160  0.9160  0.9160  0.9160  0.9160  0.9160  0.9160  0.9160  0.9160  0.9160  0.9160  0.9160  0.9160  0.9160  0.9160  0.9160  0.9160  0.9160  0.9160  0.9160  0.9160 
 0.0000  0.0800  0.2140  0.3480  0.8100  0.9130  0.9130  0.9990  1.0000  0.9990  0.9590  0.9160  0.9160  0.9160  0.9160  0.9160  0.9160  0.9160  0.9160  0.9160  0.9160  0.9160  0.9160  0.9160  0.9160  0.9160  0.9160  0.9160  0.9160  0.9160  0.9160  0.9160  0.9160 
 0.0000  0.0800  0.2140  0.3480  0.8100  0.9130  0.9130  0.9990  0.9990  1.0000  0.9590  0.9160  0.9160  0.9160  0.9160  0.9160  0.9160  0.9160  0.9160  0.9160  0.9160  0.9160  0.9160  0.9160  0.9160  0.9160  0.9160  0.9160  0.9160  0.9160  0.9160  0.9160  0.9160 
 0.0000  0.0000  0.0470  0.1180  0.6600  0.8180  0.8180  0.9590  0.9590  0.9590  1.0000  0.9850  0.9850  0.9850  0.9850  0.9850  0.9850  0.9850  0.9850  0.9850  0.9850  0.9850  0.9850  0.9850  0.9850  0.9850  0.9850  0.9850  0.9850  0.9850  0.9850  0.9850  0.9850 
 0.0000  0.0000  0.0000  0.0260  0.5900  0.7640  0.7650  0.9160  0.9160  0.9160  0.9850  1.0000  0.9990  0.9990  0.9990  0.9990  0.9990  0.9990  0.9990  0.9990  0.9990  0.9990  0.9990  0.9990  0.9990  0.9990  0.9990  0.9990  0.9990  0.9990  0.9990  0.9990  0.9990 
 0.0000  0.0000  0.0000  0.0260  0.5900  0.7640  0.7650  0.9160  0.9160  0.9160  0.9850  0.9990  1.0000  0.9990  0.9990  0.9990  0.9990  0.9990  0.9990  0.9990  0.9990  0.9990  0.9990  0.9990  0.9990  0.9990  0.9990  0.9990  0.9990  0.9990  0.9990  0.9990  0.9990 
 0.0000  0.0000  0.0000  0.0260  0.5900  0.7640  0.7650  0.9160  0.9160  0.9160  0.9850  0.9990  0.9990  1.0000  0.9990  0.9990  0.9990  0.9990  0.9990  0.9990  0.9990  0.9990  0.9990  0.9990  0.9990  0.9990  0.9990  0.9990  0.9990  0.9990  0.9990  0.9990  0.9990 
 0.0000  0.0000  0.0000  0.0260  0.5900  0.7640  0.7650  0.9160  0.9160  0.9160  0.9850  0.9990  0.9990  0.9990  1.0000  0.9990  0.9990  0.9990  0.9990  0.9990  0.9990  0.9990  0.9990  0.9990  0.9990  0.9990  0.9990  0.9990  0.9990  0.9990  0.9990  0.9990  0.9990 
 0.0000  0.0000  0.0000  0.0260  0.5900  0.7640  0.7650  0.9160  0.9160  0.9160  0.9850  0.9990  0.9990  0.9990  0.9990  1.0000  0.9990  0.9990  0.9990  0.9990  0.9990  0.9990  0.9990  0.9990  0.9990  0.9990  0.9990  0.9990  0.9990  0.9990  0.9990  0.9990  0.9990 
 0.0000  0.0000  0.0000  0.0260  0.5900  0.7640  0.7650  0.9160  0.9160  0.9160  0.9850  0.9990  0.9990  0.9990  0.9990  0.9990  1.0000  0.9990  0.9990  0.9990  0.9990  0.9990  0.9990  0.9990  0.9990  0.9990  0.9990  0.9990  0.9990  0.9990  0.9990  0.9990  0.9990 
 0.0000  0.0000  0.0000  0.0260  0.5900  0.7640  0.7650  0.9160  0.9160  0.9160  0.9850  0.9990  0.9990  0.9990  0.9990  0.9990  0.9990  1.0000  0.9990  0.9990  0.9990  0.9990  0.9990  0.9990  0.9990  0.9990  0.9990  0.9990  0.9990  0.9990  0.9990  0.9990  0.9990 
 0.0000  0.0000  0.0000  0.0260  0.5900  0.7640  0.7650  0.9160  0.9160  0.9160  0.9850  0.9990  0.9990  0.9990  0.9990  0.9990  0.9990  0.9990  1.0000  0.9990  0.9990  0.9990  0.9990  0.9990  0.9990  0.9990  0.9990  0.9990  0.9990  0.9990  0.9990  0.9990  0.9990 
 0.0000  0.0000  0.0000  0.0260  0.5900  0.7640  0.7650  0.9160  0.9160  0.9160  0.9850  0.9990  0.9990  0.9990  0.9990  0.9990  0.9990  0.9990  0.9990  1.0000  0.9990  0.9990  0.9990  0.9990  0.9990  0.9990  0.9990  0.9990  0.9990  0.9990  0.9990  0.9990  0.9990 
 0.0000  0.0000  0.0000  0.0260  0.5900  0.7640  0.7650  0.9160  0.9160  0.9160  0.9850  0.9990  0.9990  0.9990  0.9990  0.9990  0.9990  0.9990  0.9990  0.9990  1.0000  0.9990  0.9990  0.9990  0.9990  0.9990  0.9990  0.9990  0.9990  0.9990  0.9990  0.9990  0.9990 
 0.0000  0.0000  0.0000  0.0260  0.5900  0.7640  0.7650  0.9160  0.9160  0.9160  0.9850  0.9990  0.9990  0.9990  0.9990  0.9990  0.9990  0.9990  0.9990  0.9990  0.9990  1.0000  0.9990  0.9990  0.9990  0.9990  0.9990  0.9990  0.9990  0.9990  0.9990  0.9990  0.9990 
 0.0000  0.0000  0.0000  0.0260  0.5900  0.7640  0.7650  0.9160  0.9160  0.9160  0.9850  0.9990  0.9990  0.9990  0.9990  0.9990  0.9990  0.9990  0.9990  0.9990  0.9990  0.9990  1.0000  0.9990  0.9990  0.9990  0.9990  0.9990  0.9990  0.9990  0.9990  0.9990  0.9990 
 0.0000  0.0000  0.0000  0.0260  0.5900  0.7640  0.7650  0.9160  0.9160  0.9160  0.9850  0.9990  0.9990  0.9990  0.9990  0.9990  0.9990  0.9990  0.9990  0.9990  0.9990  0.9990  0.9990  1.0000  0.9990  0.9990  0.9990  0.9990  0.9990  0.9990  0.9990  0.9990  0.9990 
 0.0000  0.0000  0.0000  0.0260  0.5900  0.7640  0.7650  0.9160  0.9160  0.9160  0.9850  0.9990  0.9990  0.9990  0.9990  0.9990  0.9990  0.9990  0.9990  0.9990  0.9990  0.9990  0.9990  0.9990  1.0000  0.9990  0.9990  0.9990  0.9990  0.9990  0.9990  0.9990  0.9990 
 0.0000  0.0000  0.0000  0.0260  0.5900  0.7640  0.7650  0.9160  0.9160  0.9160  0.9850  0.9990  0.9990  0.9990  0.9990  0.9990  0.9990  0.9990  0.9990  0.9990  0.9990  0.9990  0.9990  0.9990  0.9990  1.0000  0.9990  0.9990  0.9990  0.9990  0.9990  0.9990  0.9990 
 0.0000  0.0000  0.0000  0.0260  0.5900  0.7640  0.7650  0.9160  0.9160  0.9160  0.9850  0.9990  0.9990  0.9990  0.9990  0.9990  0.9990  0.9990  0.9990  0.9990  0.9990  0.9990  0.9990  0.9990  0.9990  0.9990  1.0000  0.9990  0.9990  0.9990  0.9990  0.9990  0.9990 
 0.0000  0.0000  0.0000  0.0260  0.5900  0.7640  0.7650  0.9160  0.9160  0.9160  0.9850  0.9990  0.9990  0.9990  0.9990  0.9990  0.9990  0.9990  0.9990  0.9990  0.9990  0.9990  0.9990  0.9990  0.9990  0.9990  0.9990  1.0000  0.9990  0.9990  0.9990  0.9990  0.9990 
 0.0000  0.0000  0.0000  0.0260  0.5900  0.7640  0.7650  0.9160  0.9160  0.9160  0.9850  0.9990  0.9990  0.9990  0.9990  0.9990  0.9990  0.9990  0.9990  0.9990  0.9990  0.9990  0.9990  0.9990  0.9990  0.9990  0.9990  0.9990  1.0000  0.9990  0.9990  0.9990  0.9990 
 0.0000  0.0000  0.0000  0.0260  0.5900  0.7640  0.7650  0.9160  0.9160  0.9160  0.9850  0.9990  0.9990  0.9990  0.9990  0.9990  0.9990  0.9990  0.9990  0.9990  0.9990  0.9990  0.9990  0.9990  0.9990  0.9990  0.9990  0.9990  0.9990  1.0000  0.9990  0.9990  0.9990 
 0.0000  0.0000  0.0000  0.0260  0.5900  0.7640  0.7650  0.9160  0.9160  0.9160  0.9850  0.9990  0.9990  0.9990  0.9990  0.9990  0.9990  0.9990  0.9990  0.9990  0.9990  0.9990  0.9990  0.9990  0.9990  0.9990  0.9990  0.9990  0.9990  0.9990  1.0000  0.9990  0.9990 
 0.0000  0.0000  0.0000  0.0260  0.5900  0.7640  0.7650  0.9160  0.9160  0.9160  0.9850  0.9990  0.9990  0.9990  0.9990  0.9990  0.9990  0.9990  0.9990  0.9990  0.9990  0.9990  0.9990  0.9990  0.9990  0.9990  0.9990  0.9990  0.9990  0.9990  0.9990  1.0000  0.9990 
 0.0000  0.0000  0.0000  0.0260  0.5900  0.7640  0.7650  0.9160  0.9160  0.9160  0.9850  0.9990  0.9990  0.9990  0.9990  0.9990  0.9990  0.9990  0.9990  0.9990  0.9990  0.9990  0.9990  0.9990  0.9990  0.9990  0.9990  0.9990  0.9990  0.9990  0.9990  0.9990  1.0000 
