 0.0000  0.0000  0.0000  0.0000  0.0000  0.0000  0.0000  0.0000  0.0000  0.0000  0.0000  0.0000  0.0000  0.0000  0.0000  0.0000  0.0000  0.0000  0.0000  0.0000  0.0000  0.0000  0.0000  0.0000  0.0000  0.0000  0.0000  0.0000  0.0000  0.0000  0.0000  0.0000  0.0000 
 0.0000  0.0000  0.0000  0.0000  0.0000  0.0000  0.0000  0.0000  0.0000  0.0000  0.0000  0.0000  0.0000  0.0000  0.0000  0.0000  0.0000  0.0000  0.0000  0.0000  0.0000  0.0000  0.0000  0.0000  0.0000  0.0000  0.0000  0.0000  0.0000  0.0000  0.0000  0.0000  0.0000 
 0.0000  0.0000  0.0000  0.0000  0.0000  0.0000  0.0000  0.0000  0.0000  0.0000  0.0000  0.0000  0.0000  0.0000  0.0000  0.0000  0.0000  0.0000  0.0000  0.0000  0.0000  0.0000  0.0000  0.0000  0.0000  0.0000  0.0000  0.0000  0.0000  0.0000  0.0000  0.0000  0.0000 
 0.0000  0.0000  0.0000  0.0000  0.0000  0.0000  0.0000  0.0000  0.0000  0.0000  0.0000  0.0000  0.0000  0.0000  0.0000  0.0000  0.0000  0.0000  0.0000  0.0000  0.0000  0.0000  0.0000  0.0000  0.0000  0.0000  0.0000  0.0000  0.0000  0.0000  0.0000  0.0000  0.0000 
 0.0000  0.0000  0.0000  0.0000  0.0000  0.0000  0.0000  0.0000  0.0000  0.0000  0.0000  0.0000  0.0000  0.0000  0.0000  0.0000  0.0000  0.0000  0.0000  0.0000  0.0000  0.0000  0.0000  0.0000  0.0000  0.0000  0.0000  0.0000  0.0000  0.0000  0.0000  0.0000  0.0000 
 0.0000  0.0000  0.0000  0.0000  0.0000  0.0000 -0.0040  0.0000  0.0000  0.0000  0.0210  0.0000  0.0000  0.0250  0.0180  0.0020  0.0000  0.0000  0.0000  0.0000  0.0000  0.0000  0.0000  0.0000  0.0000  0.0000  0.0000  0.0000  0.0030  0.0010  0.0010  0.0000  0.0000 
 0.0000  0.0000  0.0000  0.0000  0.0000  0.0000 -0.0520  0.0330  0.0010  0.0000  0.1830  0.0000  0.0010  0.2040  0.1710  0.0450  0.0030  0.0000  0.0030  0.0130  0.0160  0.0240  0.0250  0.0280  0.0280  0.0310  0.0310  0.0300  0.0280  0.0310  0.0300  0.0300  0.0300 
 0.0000  0.0000  0.0000  0.0000  0.0000  0.0000  0.0790 -0.0550 -0.0040 -0.0020 -0.2460  0.0000  0.0000 -0.2360 -0.1850 -0.0500 -0.0020  0.0000 -0.0010 -0.0100 -0.0170 -0.0230 -0.0250 -0.0290 -0.0290 -0.0290 -0.0280 -0.0290 -0.0300 -0.0320 -0.0310 -0.0310 -0.0310 
 0.0000  0.0000  0.0000  0.0000  0.0000  0.0000  0.0450 -0.0260  0.0000  0.0000 -0.1100  0.0000  0.0000 -0.0830 -0.0580 -0.0090  0.0000  0.0000  0.0000  0.0000  0.0000  0.0000 -0.0040 -0.0030 -0.0030 -0.0040 -0.0050 -0.0050 -0.0050 -0.0030 -0.0030 -0.0050 -0.0050 
 0.0000  0.0000  0.0000  0.0000  0.0000  0.0000  0.0280 -0.0170  0.0000  0.0000 -0.0620  0.0000  0.0000 -0.0130 -0.0010  0.0000  0.0000  0.0000  0.0000  0.0000  0.0000  0.0000  0.0000  0.0010  0.0000  0.0010  0.0000  0.0000  0.0000  0.0000  0.0000  0.0000  0.0000 
 0.0000  0.0000  0.0000  0.0000  0.0000  0.0000  0.0230 -0.0150  0.0000  0.0000 -0.0410  0.0000  0.0000  0.0140  0.0210  0.0070  0.0040  0.0000  0.0010  0.0030  0.0060  0.0060  0.0080  0.0070  0.0060  0.0090  0.0080  0.0080  0.0090  0.0080  0.0080  0.0070  0.0070 
 0.0000  0.0000  0.0000  0.0000  0.0000  0.0000  0.0240 -0.0100  0.0000  0.0000  0.0020  0.0000  0.0010  0.0430  0.0480  0.0170  0.0040  0.0000  0.0040  0.0080  0.0110  0.0130  0.0160  0.0140  0.0140  0.0160  0.0130  0.0150  0.0140  0.0150  0.0150  0.0160  0.0160 
 0.0000  0.0000  0.0000  0.0000  0.0000  0.0000  0.0210 -0.0150  0.0000  0.0000 -0.0200  0.0000  0.0000  0.0530  0.0590  0.0200  0.0080  0.0000  0.0110  0.0160  0.0190  0.0200  0.0210  0.0240  0.0220  0.0240  0.0240  0.0240  0.0240  0.0230  0.0240  0.0250  0.0250 
 0.0000  0.0000  0.0000  0.0000  0.0000  0.0000  0.0240 -0.0140  0.0000  0.0000 -0.0210  0.0000  0.0000  0.0600  0.0690  0.0310  0.0200 -0.0010  0.0210  0.0260  0.0280  0.0320  0.0320  0.0330  0.0350  0.0340  0.0340  0.0350  0.0330  0.0370  0.0360  0.0360  0.0360 
 0.0000  0.0000  0.0000  0.0000  0.0000  0.0000  0.0230 -0.0130  0.0000  0.0000 -0.0270  0.0000  0.0000  0.0550  0.0740  0.0440  0.0390 -0.0050  0.0410  0.0470  0.0510  0.0540  0.0560  0.0550  0.0560  0.0560  0.0550  0.0560  0.0570  0.0570  0.0560  0.0570  0.0570 
 0.0000  0.0000  0.0000  0.0000  0.0000  0.0000  0.0270 -0.0180  0.0000  0.0000 -0.0400  0.0000  0.0000  0.0410  0.0870  0.0820  0.1010 -0.0230  0.1050  0.1100  0.1130  0.1160  0.1150  0.1160  0.1160  0.1160  0.1170  0.1160  0.1160  0.1150  0.1160  0.1160  0.1160 
 0.0000  0.0000  0.0000  0.0000  0.0000  0.0000  0.0260 -0.0170  0.0000  0.0000 -0.0700  0.0000  0.0000  0.0320  0.1810  0.2630  0.3890 -0.1040  0.3460  0.3730  0.3760  0.3770  0.3780  0.3770  0.3760  0.3780  0.3770  0.3760  0.3760  0.3750  0.3760  0.3760  0.3760 
 0.0000  0.0000  0.0000  0.0000  0.0000  0.0000 -0.0010  0.0000  0.0000  0.0000  0.0130  0.0000  0.0000  0.1440  0.3690  0.4390  0.5390 -0.1190  0.6850  0.6920  0.6890  0.6870  0.6850  0.6840  0.6820  0.6840  0.6840  0.6840  0.6810  0.6810  0.6810  0.6820  0.6820 
 0.0000  0.0000  0.0000  0.0000  0.0000  0.0000 -0.0370  0.0290  0.0000  0.0000  0.1990  0.0000  0.0010  0.4150  0.5760  0.4640  0.4890 -0.1040  0.6310  0.6490  0.6580  0.6630  0.6680  0.6680  0.6680  0.6690  0.6700  0.6710  0.6710  0.6710  0.6700  0.6710  0.6710 
 0.0000  0.0000  0.0000  0.0000  0.0000  0.0000 -0.0310  0.0190  0.0000  0.0000  0.2280  0.0000  0.0000  0.4670  0.5200  0.2980  0.2580 -0.0530  0.3110  0.3350  0.3510  0.3600  0.3660  0.3710  0.3750  0.3760  0.3770  0.3770  0.3770  0.3770  0.3780  0.3780  0.3780 
 0.0000  0.0000  0.0000  0.0000  0.0000  0.0000 -0.0160  0.0100  0.0000  0.0000  0.1770  0.0010  0.0000  0.3780  0.3890  0.1860  0.1300 -0.0240  0.1530  0.1740  0.1860  0.1980  0.2030  0.2080  0.2090  0.2120  0.2120  0.2110  0.2110  0.2140  0.2140  0.2150  0.2150 
 0.0000  0.0000  0.0000  0.0000  0.0000  0.0000 -0.0120  0.0070  0.0000  0.0000  0.1530  0.0000  0.0000  0.3360  0.3370  0.1430  0.0880 -0.0140  0.1010  0.1210  0.1330  0.1400  0.1490  0.1540  0.1540  0.1550  0.1560  0.1570  0.1570  0.1570  0.1570  0.1590  0.1590 
 0.0000  0.0000  0.0000  0.0000  0.0000  0.0000 -0.0070  0.0050  0.0000  0.0000  0.1380  0.0000  0.0000  0.3170  0.3040  0.1210  0.0630 -0.0080  0.0740  0.0920  0.1070  0.1130  0.1200  0.1250  0.1260  0.1270  0.1250  0.1270  0.1280  0.1290  0.1290  0.1280  0.1280 
 0.0000  0.0000  0.0000  0.0000  0.0000  0.0000 -0.0070  0.0030  0.0000  0.0000  0.1330  0.0000  0.0000  0.3010  0.2910  0.1110  0.0550 -0.0050  0.0610  0.0790  0.0900  0.0970  0.1030  0.1080  0.1090  0.1110  0.1120  0.1120  0.1120  0.1110  0.1130  0.1140  0.1140 
 0.0000  0.0000  0.0000  0.0000  0.0000  0.0000 -0.0030  0.0060  0.0000  0.0000  0.1270  0.0000  0.0000  0.2950  0.2850  0.1070  0.0510 -0.0050  0.0560  0.0730  0.0860  0.0930  0.1010  0.1040  0.1040  0.1050  0.1060  0.1060  0.1070  0.1080  0.1070  0.1080  0.1080 
 0.0000  0.0000  0.0000  0.0000  0.0000  0.0000 -0.0040  0.0000  0.0000  0.0000  0.1280  0.0000  0.0000  0.2930  0.2820  0.1070  0.0480 -0.0070  0.0540  0.0700  0.0820  0.0890  0.0950  0.0990  0.1020  0.1010  0.1030  0.1040  0.1030  0.1030  0.1060  0.1040  0.1040 
 0.0000  0.0000  0.0000  0.0000  0.0000  0.0000 -0.0040  0.0010  0.0000  0.0000  0.1250  0.0000  0.0000  0.2920  0.2790  0.1030  0.0450 -0.0030  0.0520  0.0680  0.0790  0.0870  0.0930  0.0980  0.0970  0.1010  0.1010  0.1010  0.1010  0.1000  0.1010  0.1020  0.1020 
 0.0000  0.0000  0.0000  0.0000  0.0000  0.0000 -0.0040  0.0010  0.0000  0.0000  0.1250  0.0000  0.0000  0.2880  0.2760  0.1020  0.0440 -0.0060  0.0500  0.0660  0.0770  0.0840  0.0910  0.0960  0.0980  0.0970  0.0990  0.1000  0.0980  0.1000  0.1010  0.0990  0.0990 
 0.0000  0.0000  0.0000  0.0000  0.0000  0.0000 -0.0040  0.0020  0.0000  0.0000  0.1240  0.0000  0.0000  0.2900  0.2760  0.0990  0.0450 -0.0040  0.0480  0.0650  0.0770  0.0840  0.0910  0.0930  0.0960  0.0970  0.0970  0.0990  0.0990  0.0980  0.0970  0.0980  0.0980 
 0.0000  0.0000  0.0000  0.0000  0.0000  0.0000 -0.0040  0.0030  0.0000  0.0000  0.1220  0.0000  0.0000  0.2880  0.2750  0.1010  0.0450 -0.0040  0.0470  0.0640  0.0770  0.0860  0.0890  0.0940  0.0960  0.0950  0.0970  0.0970  0.0980  0.0990  0.0980  0.0970  0.0970 
 0.0000  0.0000  0.0000  0.0000  0.0000  0.0000 -0.0030  0.0010  0.0000  0.0000  0.1230  0.0000  0.0000  0.2890  0.2740  0.1010  0.0450 -0.0050  0.0500  0.0640  0.0760  0.0840  0.0890  0.0920  0.0960  0.0960  0.0970  0.0960  0.0970  0.0980  0.0980  0.0970  0.0970 
 0.0000  0.0000  0.0000  0.0000  0.0000  0.0000 -0.0020  0.0000  0.0000  0.0000  0.1220  0.0000  0.0000  0.2860  0.2740  0.1010  0.0450 -0.0030  0.0490  0.0640  0.0760  0.0850  0.0880  0.0930  0.0950  0.0950  0.0970  0.0980  0.0970  0.0970  0.0970  0.0970  0.0970 
 0.0000  0.0000  0.0000  0.0000  0.0000  0.0000 -0.0150  0.0040  0.0000  0.0000  0.2460  0.0000  0.0020  0.5650  0.5390  0.2010  0.0880 -0.0080  0.0960  0.1310  0.1530  0.1660  0.1770  0.1870  0.1880  0.1920  0.1910  0.1930  0.1930  0.1920  0.1940  0.1960  0.1960 
