 367
 371
 398
 402
 384
 379
 30
 383
 372
 381
 403
 336
 103
 91
 92
 378
 94
 82
 337
 100
 344
 373
 405
 340
 380
 80
 175
 369
 171
 108
 341
 409
 377
 339
 239
 345
 390
 374
 116
 195
 343
 95
 115
 410
 412
 33
 368
 279
 199
 59
 159
 151
 399
 263
 385
 101
 335
 243
 83
 416
 155
 259
 86
 132
 391
 119
 389
 375
 283
 224
 268
 152
 164
 227
 176
 112
 192
 179
 168
 395
 275
 252
 260
 111
 255
 172
 127
 163
 207
 276
 228
 123
 347
 148
 167
 232
 156
 193
 291
 187
 19
 117
 84
 125
 272
 135
 406
 240
 200
 400
 237
 244
 223
 229
 382
 79
 208
 196
 203
 109
 133
 225
 236
 265
 261
 267
 247
 271
 407
 231
 287
 124
 256
 31
 157
 280
 332
 387
 169
 149
 253
 396
 386
 153
 177
 215
 333
 188
 60
 209
 392
 342
 257
 281
 219
 212
 185
 417
 120
 348
 211
 173
 235
 284
 197
 136
 346
 161
 413
 220
 221
 277
 113
 201
 184
 292
 370
 304
 245
 362
 160
 419
 204
 264
 128
 43
 233
 429
 205
 295
 300
 425
 393
 62
 269
 165
 55
 38
 139
 51
 401
 303
 361
 191
 216
 183
 81
 338
 96
 424
 217
 251
 363
 426
 307
 428
 241
 39
 134
 47
 181
 121
 431
 131
 273
 305
 56
 293
 420
 266
 246
 349
 285
 114
 366
 262
 129
 87
 430
 258
 248
 418
 226
 126
 249
 122
 174
 301
 170
 180
 423
 376
 434
 42
 213
 334
 58
 408
 166
 162
 365
 422
 432
 48
 154
 289
 118
 443
 234
 22
 93
 198
 270
 189
 288
 44
 414
 137
 186
 158
 404
 411
 397
 1
 2
 3
 4
 5
 6
 7
 8
 9
 10
 11
 12
 13
 14
 15
 16
 17
 18
 20
 21
 23
 24
 25
 26
 27
 28
 29
 32
 34
 35
 36
 37
 40
 41
 45
 46
 49
 50
 52
 53
 54
 57
 61
 63
 64
 65
 66
 67
 68
 69
 70
 71
 72
 73
 74
 75
 76
 77
 78
 85
 88
 89
 90
 97
 98
 99
 102
 104
 105
 106
 107
 110
 130
 138
 140
 141
 142
 143
 144
 145
 146
 147
 150
 178
 182
 190
 194
 202
 206
 210
 214
 218
 222
 230
 238
 242
 250
 254
 274
 278
 282
 286
 290
 294
 296
 297
 298
 299
 302
 306
 308
 309
 310
 311
 312
 313
 314
 315
 316
 317
 318
 319
 320
 321
 322
 323
 324
 325
 326
 327
 328
 329
 330
 331
 350
 351
 352
 353
 354
 355
 356
 357
 358
 359
 360
 364
 388
 394
 415
 421
 427
 433
 435
 436
 437
 438
 439
 440
 441
 442
 444
 445
 446
 447
 448
 449
 450
 451
 452
 453
 454
 455
 456
 457
 458
 459
 460
 461
 462
 463
 464
 465
 466
 467
 468
 469
 470
 471
