 440
 454
 457
 451
 439
 44
 485
 134
 119
 449
 447
 484
 153
 48
 139
 136
 393
 432
 394
 397
 398
 450
 442
 437
 149
 114
 477
 293
 135
 448
 456
 458
 229
 445
 297
 213
 333
 402
 400
 150
 404
 225
 162
 401
 392
 441
 489
 337
 253
 205
 313
 317
 322
 486
 141
 488
 209
 443
 434
 482
 169
 186
 126
 249
 170
 116
 497
 79
 246
 396
 494
 465
 154
 307
 286
 233
 496
 230
 487
 223
 281
 247
 444
 165
 330
 436
 173
 222
 124
 329
 121
 250
 315
 238
 177
 122
 345
 262
 479
 214
 274
 335
 226
 326
 291
 178
 309
 306
 206
 218
 261
 115
 283
 277
 310
 171
 298
 279
 285
 338
 462
 389
 257
 254
 455
 433
 294
 202
 490
 478
 314
 179
 181
 464
 299
 319
 278
 334
 166
 219
 481
 471
 290
 282
 474
 452
 227
 466
 242
 318
 321
 140
 459
 210
 241
 217
 221
 287
 239
 301
 263
 327
 269
 231
 325
 289
 390
 211
 189
 46
 187
 500
 255
 251
 203
 341
 468
 163
 265
 190
 461
 473
 506
 460
 207
 346
 399
 349
 491
 258
 234
 453
 275
 467
 193
 502
 498
 331
 259
 273
 174
 215
 323
 237
 343
 503
 438
 505
 339
 311
 270
 167
 75
 81
 403
 266
 395
 347
 518
 508
 493
 175
 428
 475
 120
 360
 84
 245
 295
 271
 483
 342
 63
 76
 302
 25
 405
 185
 515
 501
 182
 514
 356
 67
 305
 80
 435
 235
 430
 85
 427
 359
 117
 355
 118
 57
 476
 303
 45
 525
 267
 480
 142
 183
 470
 176
 188
 58
 358
 495
 224
 509
 312
 62
 71
 168
 512
 521
 431
 492
 300
 30
 362
 499
 526
 228
 243
 406
 446
 320
 316
 426
 528
 137
 280
 78
 127
 180
 522
 212
 391
 208
 513
 191
 520
 216
 220
 507
 68
 517
 511
 172
 288
 138
 537
 324
 252
 240
 524
 64
 1
 2
 3
 4
 5
 6
 7
 8
 9
 10
 11
 12
 13
 14
 15
 16
 17
 18
 19
 20
 21
 22
 23
 24
 26
 27
 28
 29
 31
 32
 33
 34
 35
 36
 37
 38
 39
 40
 41
 42
 43
 47
 49
 50
 51
 52
 53
 54
 55
 56
 59
 60
 61
 65
 66
 69
 70
 72
 73
 74
 77
 82
 83
 86
 87
 88
 89
 90
 91
 92
 93
 94
 95
 96
 97
 98
 99
 100
 101
 102
 103
 104
 105
 106
 107
 108
 109
 110
 111
 112
 113
 123
 125
 128
 129
 130
 131
 132
 133
 143
 144
 145
 146
 147
 148
 151
 152
 155
 156
 157
 158
 159
 160
 161
 164
 184
 192
 194
 195
 196
 197
 198
 199
 200
 201
 204
 232
 236
 244
 248
 256
 260
 264
 268
 272
 276
 284
 292
 296
 304
 308
 328
 332
 336
 340
 344
 348
 350
 351
 352
 353
 354
 357
 361
 363
 364
 365
 366
 367
 368
 369
 370
 371
 372
 373
 374
 375
 376
 377
 378
 379
 380
 381
 382
 383
 384
 385
 386
 387
 388
 407
 408
 409
 410
 411
 412
 413
 414
 415
 416
 417
 418
 419
 420
 421
 422
 423
 424
 425
 429
 463
 469
 472
 504
 510
 516
 519
 523
 527
 529
 530
 531
 532
 533
 534
 535
 536
 538
 539
 540
 541
 542
 543
 544
 545
 546
 547
 548
 549
 550
 551
 552
 553
 554
 555
 556
 557
 558
 559
 560
 561
 562
 563
 564
 565
 566
 567
 568
 569
