 367
 371
 384
 398
 379
 402
 372
 30
 383
 381
 344
 403
 103
 79
 94
 92
 82
 337
 369
 368
 378
 341
 380
 80
 91
 339
 332
 345
 340
 373
 83
 100
 343
 115
 95
 336
 33
 175
 377
 171
 335
 239
 155
 101
 124
 86
 374
 119
 405
 399
 108
 279
 195
 159
 111
 244
 152
 151
 199
 263
 347
 400
 390
 409
 184
 168
 127
 224
 375
 275
 112
 176
 259
 243
 283
 410
 382
 163
 84
 135
 148
 227
 385
 232
 109
 264
 117
 113
 252
 268
 255
 179
 55
 207
 291
 245
 31
 389
 256
 123
 19
 164
 167
 276
 200
 228
 187
 204
 43
 223
 120
 153
 257
 136
 116
 346
 288
 132
 156
 412
 253
 391
 370
 333
 272
 395
 342
 225
 261
 59
 231
 188
 229
 267
 406
 177
 62
 220
 300
 121
 416
 271
 160
 219
 237
 215
 173
 284
 247
 281
 221
 165
 265
 196
 287
 240
 280
 149
 362
 212
 197
 235
 185
 60
 348
 157
 51
 295
 338
 181
 38
 386
 131
 128
 193
 277
 304
 47
 414
 289
 236
 209
 260
 42
 205
 139
 211
 285
 125
 334
 203
 169
 241
 183
 208
 81
 233
 387
 248
 161
 417
 293
 216
 129
 269
 172
 192
 189
 366
 44
 191
 363
 361
 270
 376
 213
 56
 96
 251
 133
 307
 39
 396
 401
 194
 217
 301
 242
 201
 180
 420
 407
 349
 266
 303
 137
 419
 392
 305
 258
 249
 93
 273
 174
 122
 262
 118
 206
 87
 48
 413
 393
 126
 365
 58
 246
 198
 20
 292
 425
 134
 388
 114
 404
 397
 411
 1
 2
 3
 4
 5
 6
 7
 8
 9
 10
 11
 12
 13
 14
 15
 16
 17
 18
 21
 22
 23
 24
 25
 26
 27
 28
 29
 32
 34
 35
 36
 37
 40
 41
 45
 46
 49
 50
 52
 53
 54
 57
 61
 63
 64
 65
 66
 67
 68
 69
 70
 71
 72
 73
 74
 75
 76
 77
 78
 85
 88
 89
 90
 97
 98
 99
 102
 104
 105
 106
 107
 110
 130
 138
 140
 141
 142
 143
 144
 145
 146
 147
 150
 154
 158
 162
 166
 170
 178
 182
 186
 190
 202
 210
 214
 218
 222
 226
 230
 234
 238
 250
 254
 274
 278
 282
 286
 290
 294
 296
 297
 298
 299
 302
 306
 308
 309
 310
 311
 312
 313
 314
 315
 316
 317
 318
 319
 320
 321
 322
 323
 324
 325
 326
 327
 328
 329
 330
 331
 350
 351
 352
 353
 354
 355
 356
 357
 358
 359
 360
 364
 394
 408
 415
 418
 421
 422
 423
 424
 426
 427
 428
 429
 430
 431
 432
 433
 434
 435
 436
 437
 438
 439
 440
 441
 442
 443
 444
 445
 446
 447
 448
 449
 450
 451
 452
 453
 454
 455
 456
 457
 458
 459
 460
 461
 462
 463
 464
 465
 466
 467
 468
 469
 470
 471
