 440
 454
 457
 439
 451
 119
 44
 449
 153
 441
 139
 401
 432
 48
 485
 442
 136
 394
 437
 134
 447
 397
 398
 484
 450
 434
 135
 456
 458
 402
 114
 404
 400
 389
 482
 393
 433
 392
 162
 448
 209
 169
 477
 178
 396
 293
 150
 445
 154
 229
 333
 126
 116
 213
 486
 121
 444
 297
 436
 337
 149
 479
 124
 225
 165
 173
 222
 299
 298
 206
 282
 443
 313
 122
 317
 253
 170
 286
 455
 205
 307
 115
 329
 141
 488
 230
 274
 249
 79
 238
 254
 186
 335
 478
 306
 487
 345
 181
 281
 167
 233
 489
 309
 177
 322
 171
 330
 497
 503
 278
 465
 166
 140
 246
 403
 189
 258
 174
 342
 261
 399
 331
 207
 277
 175
 318
 46
 163
 218
 285
 214
 452
 310
 290
 231
 315
 217
 311
 481
 179
 338
 202
 283
 291
 496
 210
 239
 84
 326
 223
 227
 321
 343
 75
 250
 490
 190
 390
 221
 289
 251
 269
 235
 349
 494
 347
 334
 453
 294
 63
 325
 241
 279
 185
 319
 314
 226
 464
 270
 301
 273
 459
 242
 275
 219
 339
 120
 193
 203
 271
 211
 255
 491
 462
 287
 438
 355
 237
 182
 341
 267
 62
 428
 302
 45
 461
 257
 395
 85
 183
 71
 391
 467
 498
 245
 67
 295
 265
 243
 266
 460
 466
 247
 435
 323
 405
 500
 327
 262
 57
 346
 427
 476
 430
 446
 25
 263
 474
 483
 215
 187
 117
 303
 76
 473
 305
 471
 468
 359
 506
 118
 509
 81
 502
 259
 64
 431
 356
 137
 360
 180
 248
 191
 514
 234
 176
 493
 358
 475
 312
 324
 58
 142
 505
 296
 316
 80
 168
 320
 127
 508
 480
 260
 406
 362
 138
 501
 463
 228
 470
 499
 426
 172
 78
 188
 300
 68
 252
 26
 28
 1
 2
 3
 4
 5
 6
 7
 8
 9
 10
 11
 12
 13
 14
 15
 16
 17
 18
 19
 20
 21
 22
 23
 24
 27
 29
 30
 31
 32
 33
 34
 35
 36
 37
 38
 39
 40
 41
 42
 43
 47
 49
 50
 51
 52
 53
 54
 55
 56
 59
 60
 61
 65
 66
 69
 70
 72
 73
 74
 77
 82
 83
 86
 87
 88
 89
 90
 91
 92
 93
 94
 95
 96
 97
 98
 99
 100
 101
 102
 103
 104
 105
 106
 107
 108
 109
 110
 111
 112
 113
 123
 125
 128
 129
 130
 131
 132
 133
 143
 144
 145
 146
 147
 148
 151
 152
 155
 156
 157
 158
 159
 160
 161
 164
 184
 192
 194
 195
 196
 197
 198
 199
 200
 201
 204
 208
 212
 216
 220
 224
 232
 236
 240
 244
 256
 264
 268
 272
 276
 280
 284
 288
 292
 304
 308
 328
 332
 336
 340
 344
 348
 350
 351
 352
 353
 354
 357
 361
 363
 364
 365
 366
 367
 368
 369
 370
 371
 372
 373
 374
 375
 376
 377
 378
 379
 380
 381
 382
 383
 384
 385
 386
 387
 388
 407
 408
 409
 410
 411
 412
 413
 414
 415
 416
 417
 418
 419
 420
 421
 422
 423
 424
 425
 429
 469
 472
 492
 495
 504
 507
 510
 511
 512
 513
 515
 516
 517
 518
 519
 520
 521
 522
 523
 524
 525
 526
 527
 528
 529
 530
 531
 532
 533
 534
 535
 536
 537
 538
 539
 540
 541
 542
 543
 544
 545
 546
 547
 548
 549
 550
 551
 552
 553
 554
 555
 556
 557
 558
 559
 560
 561
 562
 563
 564
 565
 566
 567
 568
 569
