 371
 380
 383
 370
 81
 29
 378
 379
 102
 93
 343
 366
 32
 402
 367
 336
 91
 368
 376
 339
 340
 401
 90
 382
 344
 78
 346
 342
 331
 399
 335
 334
 107
 377
 154
 114
 397
 123
 338
 238
 374
 174
 278
 85
 158
 82
 79
 83
 373
 242
 100
 282
 99
 170
 110
 118
 167
 244
 243
 151
 227
 372
 258
 262
 198
 115
 231
 150
 381
 398
 252
 274
 94
 403
 175
 219
 194
 58
 183
 199
 131
 280
 251
 290
 126
 226
 112
 178
 404
 254
 122
 267
 409
 116
 275
 413
 223
 389
 111
 191
 345
 134
 203
 119
 287
 206
 341
 276
 152
 222
 120
 263
 30
 108
 163
 230
 159
 255
 235
 176
 260
 162
 256
 124
 283
 147
 228
 236
 408
 155
 184
 61
 271
 168
 172
 266
 288
 54
 195
 135
 405
 332
 166
 234
 196
 214
 180
 294
 292
 279
 239
 406
 42
 270
 186
 224
 130
 264
 259
 171
 388
 215
 246
 218
 187
 220
 164
 284
 138
 148
 216
 156
 200
 386
 232
 299
 182
 127
 286
 212
 41
 369
 362
 247
 385
 202
 337
 128
 391
 50
 333
 190
 46
 240
 210
 188
 211
 384
 390
 192
 268
 347
 410
 272
 207
 59
 37
 291
 361
 396
 395
 364
 375
 18
 208
 392
 400
 160
 132
 248
 55
 394
 250
 303
 416
 419
 412
 204
 43
 365
 300
 304
 125
 193
 136
 424
 179
 121
 92
 80
 302
 257
 269
 38
 95
 415
 241
 261
 113
 265
 86
 418
 205
 348
 306
 411
 387
 173
 360
 117
 57
 133
 245
 47
 197
 19
 0
 1
 2
 3
 4
 5
 6
 7
 8
 9
 10
 11
 12
 13
 14
 15
 16
 17
 20
 21
 22
 23
 24
 25
 26
 27
 28
 31
 33
 34
 35
 36
 39
 40
 44
 45
 48
 49
 51
 52
 53
 56
 60
 62
 63
 64
 65
 66
 67
 68
 69
 70
 71
 72
 73
 74
 75
 76
 77
 84
 87
 88
 89
 96
 97
 98
 101
 103
 104
 105
 106
 109
 129
 137
 139
 140
 141
 142
 143
 144
 145
 146
 149
 153
 157
 161
 165
 169
 177
 181
 185
 189
 201
 209
 213
 217
 221
 225
 229
 233
 237
 249
 253
 273
 277
 281
 285
 289
 293
 295
 296
 297
 298
 301
 305
 307
 308
 309
 310
 311
 312
 313
 314
 315
 316
 317
 318
 319
 320
 321
 322
 323
 324
 325
 326
 327
 328
 329
 330
 349
 350
 351
 352
 353
 354
 355
 356
 357
 358
 359
 363
 393
 407
 414
 417
 420
 421
 422
 423
 425
 426
 427
 428
 429
 430
 431
 432
 433
 434
 435
 436
 437
 438
 439
 440
 441
 442
 443
 444
 445
 446
 447
 448
 449
 450
 451
 452
 453
 454
 455
 456
 457
 458
 459
 460
 461
 462
 463
 464
 465
 466
 467
 468
 469
 470
